5000	107
10000	116
15000	120
20000	127
25000	117
30000	119
35000	124
40000	111
45000	127
50000	106
55000	134
60000	105
65000	114
70000	114
75000	141
80000	112
85000	123
90000	133
95000	120
100000	118
105000	144
110000	126
115000	115
120000	130
125000	118
130000	125
135000	122
140000	130
145000	133
150000	118
155000	121
160000	119
165000	97
170000	125
175000	113
180000	117
185000	126
190000	108
195000	130
200000	112
205000	125
210000	128
215000	121
220000	119
225000	128
230000	118
235000	107
240000	132
245000	124
250000	118
255000	128
260000	145
265000	108
270000	116
275000	115
280000	139
285000	121
290000	114
295000	118
300000	98
305000	106
310000	141
315000	127
320000	115
325000	110
330000	114
335000	127
340000	109
345000	121
350000	115
355000	108
360000	133
365000	136
370000	127
375000	123
380000	123
385001	119
390001	97
395000	110
400000	118
405000	119
410000	123
415000	121
420000	101
425000	121
430000	134
435000	109
440000	124
445000	120
450000	102
455000	114
460001	117
465000	143
470000	111
475000	135
480000	144
485000	127
490000	137
495000	117
500000	130
505000	136
510000	120
515000	118
520000	118
525000	124
530000	121
535000	110
540000	124
545000	126
550001	127
555000	124
560000	123
565000	103
570001	110
575000	140
580000	134
585000	119
590000	113
595000	122
600000	114
605000	122
610000	129
615001	138
620000	117
625000	130
630000	122
635000	105
640000	116
645000	119
650000	139
655000	142
660000	119
665000	102
670000	117
675000	110
680000	127
685000	120
690000	111
695000	115
700000	116
705000	126
710000	122
715000	132
720000	89
725000	102
730000	127
735000	140
740000	107
745000	113
750000	118
755000	97
760000	128
765000	139
770000	120
775000	107
780000	127
785000	126
790000	111
795000	112
800000	111
805000	119
810000	121
815000	121
820000	127
825000	132
830000	120
835000	138
840000	98
845001	97
850000	117
855000	111
860001	109
865000	120
870000	96
875000	138
880000	124
885000	127
890000	122
895000	111
900000	119
905000	117
910000	107
915000	112
920000	142
925000	114
930000	99
935000	126
940000	118
945000	96
950000	114
955000	117
960000	123
965000	119
970000	129
975000	129
980000	136
985000	129
990000	115
995000	135
1000000	115
1005000	127
1010000	101
1015000	119
1020000	115
1025000	129
1030000	101
1035000	105
1040000	147
1045000	124
1050000	112
1055000	134
1060000	124
1065000	136
1070000	139
1075000	132
1080000	137
1085000	122
1090000	114
1095000	124
1100000	121
1105001	121
1110000	120
1115000	117
1120000	114
1125000	105
1130000	117
1135001	130
1140000	135
1145000	110
1150000	105
1155001	125
1160000	116
1165000	115
1170000	115
1175001	153
1180000	120
1185000	142
1190000	117
1195000	112
1200000	111
1205000	116
1210000	128
1215000	133
1220001	136
1225000	110
1230000	129
1235000	116
1240000	96
1245000	134
1250000	117
1255000	126
1260000	133
1265000	102
1270000	115
1275000	133
1280000	106
1285000	134
1290000	135
1295000	111
1300000	113
1305000	127
1310000	131
1315000	116
1320000	114
1325000	91
1330002	113
1335000	114
1340000	134
1345000	125
1350000	127
1355000	114
1360000	114
1365000	117
1370000	117
1375000	117
1380000	124
1385000	122
1390000	103
1395000	136
1400000	132
1405000	115
1410000	97
1415000	129
1420000	126
1425000	128
1430000	94
1435000	110
1440000	118
1445000	126
1450000	125
1455000	121
1460000	111
1465000	131
1470000	113
1475000	115
1480000	131
1485000	133
1490000	122
1495001	117
1500000	126
1505000	103
1510000	149
1515000	127
1520000	99
1525000	113
1530000	134
1535000	130
1540000	97
1545000	114
1550000	128
1555000	126
1560000	117
1565000	107
1570000	117
1575000	101
1580000	123
1585000	120
1590000	124
1595000	116
1600000	146
1605000	111
1610000	125
1615000	98
1620000	109
1625000	122
1630000	140
1635000	114
1640000	93
1645000	142
1650000	111
1655000	114
1660000	121
1665000	139
1670000	110
1675000	122
1680000	130
1685000	127
1690000	122
1695000	107
1700000	153
1705001	102
1710000	118
1715000	110
1720000	131
1725000	96
1730000	104
1735000	120
1740000	112
1745000	129
1750000	100
1755000	105
1760000	111
1765000	127
1770000	109
1775000	129
1780000	113
1785000	112
1790000	91
1795001	134
1800000	104
1805000	115
1810000	117
1815000	113
1820000	92
1825000	131
1830000	133
1835000	127
1840000	114
1845000	111
1850000	116
1855000	133
1860000	113
1865000	116
1870000	136
1875000	128
1880000	110
1885000	104
1890000	121
1895000	130
1900000	113
1905000	120
1910000	122
1915000	123
1920000	106
1925000	111
1930000	141
1935000	108
1940000	100
1945000	117
1950000	88
1955000	120
1960000	110
1965000	98
1970000	126
1975000	107
1980000	114
1985000	124
1990000	105
1995000	129
2000000	117
2005000	99
2010000	122
2015000	125
2020000	104
2025000	117
2030000	118
2035000	101
2040000	145
2045000	125
2050000	114
2055000	103
2060000	126
2065000	135
2070000	113
2075000	111
2080000	116
2085000	126
2090000	133
2095000	106
2100000	119
2105000	129
2110000	114
2115000	120
2120000	118
2125000	112
2130000	105
2135000	125
2140001	110
2145000	112
2150000	123
2155000	126
2160000	123
2165000	119
2170001	104
2175000	125
2180000	94
2185000	126
2190000	141
2195000	117
2200001	99
2205000	109
2210000	101
2215000	123
2220001	121
2225000	111
2230000	108
2235000	118
2240000	119
2245000	126
2250000	132
2255000	136
2260000	110
2265001	130
2270000	122
2275000	129
2280000	132
2285000	124
2290000	141
2295000	114
2300000	106
2305000	121
2310000	103
2315000	129
2320000	140
2325000	130
2330000	124
2335000	111
2340000	111
2345000	134
2350000	135
2355000	121
2360000	119
2365000	120
2370000	130
2375000	123
2380000	118
2385000	115
2390001	114
2395000	107
2400000	116
2405000	118
2410000	109
2415000	118
2420000	113
2425000	112
2430000	117
2435000	102
2440000	105
2445000	120
2450000	121
2455000	133
2460000	123
2465000	126
2470000	110
2475000	141
2480000	133
2485000	127
2490000	112
2495001	116
2500000	121
2505000	122
2510000	131
2515000	122
2520000	105
2525000	108
2530000	125
2535000	129
2540000	116
2545000	135
2550000	118
2555000	116
2560000	118
2565000	135
2570000	119
2575000	115
2580001	103
2585000	109
2590000	129
2595000	137
2600000	112
2605000	129
2610000	125
2615000	128
2620000	120
2625000	110
2630000	120
2635000	124
2640000	125
2645000	126
2650000	129
2655000	111
2660000	105
2665000	104
2670000	101
2675000	112
2680000	127
2685000	121
2690000	118
2695000	136
2700000	116
2705000	114
2710001	118
2715000	120
2720000	120
2725000	123
2730000	100
2735000	140
2740000	134
2745000	136
2750000	105
2755001	121
2760000	118
2765000	128
2770000	118
2775000	107
2780000	110
2785000	111
2790000	122
2795000	114
2800000	120
2805000	121
2810000	127
2815000	102
2820000	120
2825000	130
2830000	132
2835000	115
2840000	105
2845000	127
2850000	108
2855000	96
2860000	95
2865000	133
2870000	121
2875000	121
2880000	120
2885000	127
2890000	136
2895000	112
2900000	112
2905000	104
2910000	115
2915000	103
2920000	136
2925000	110
2930000	113
2935000	144
2940000	108
2945000	126
2950000	116
2955000	135
2960000	135
2965000	111
2970000	117
2975000	106
2980000	99
2985000	122
2990000	113
2995000	101
3000000	123
3005000	123
3010000	145
3015000	120
3020000	111
3025000	99
3030000	110
3035000	116
3040000	127
3045000	109
3050001	131
3055000	126
3060000	119
3065000	115
3070000	127
3075000	113
3080000	123
3085000	111
3090000	127
3095000	118
3100000	112
3105000	118
3110000	130
3115000	133
3120000	112
3125000	131
3130000	121
3135000	127
3140000	123
3145000	116
3150000	108
3155000	106
3160000	114
3165000	112
3170000	117
3175000	119
3180000	137
3185000	110
3190000	100
3195000	121
3200000	95
3205000	119
3210000	123
3215000	107
3220000	131
3225000	112
3230000	120
3235000	117
3240000	133
3245000	109
3250000	112
3255000	110
3260000	111
3265000	131
3270000	117
3275000	131
3280000	116
3285000	124
3290000	119
3295000	113
3300000	114
3305000	139
3310000	122
3315000	114
3320000	122
3325000	125
3330000	115
3335000	105
3340000	124
3345000	108
3350000	129
3355000	123
3360001	123
3365000	120
3370000	127
3375001	135
3380000	121
3385000	109
3390000	109
3395000	112
3400000	131
3405000	118
3410000	133
3415000	127
3420000	112
3425000	110
3430000	115
3435000	127
3440000	142
3445000	124
3450001	106
3455000	115
3460000	100
3465000	115
3470000	123
3475000	131
3480000	109
3485000	128
3490001	115
3495000	140
3500000	119
3505000	94
3510000	125
3515000	117
3520000	110
3525001	142
3530000	112
3535000	131
3540000	134
3545000	120
3550000	108
3555000	115
3560000	108
3565000	107
3570000	120
3575000	115
3580000	124
3585000	118
3590000	143
3595000	112
3600000	132
3605000	115
3610000	110
3615000	104
3620001	116
3625000	107
3630000	94
3635000	128
3640000	122
3645000	110
3650000	137
3655000	111
3660000	139
3665000	122
3670000	118
3675000	133
3680000	121
3685001	124
3690000	113
3695000	122
3700000	107
3705000	107
3710000	113
3715000	114
3720000	134
3725000	107
3730001	120
3735000	133
3740000	113
3745000	108
3750000	108
3755000	117
3760000	134
3765000	134
3770000	129
3775000	113
3780000	118
3785000	99
3790000	136
3795000	104
3800000	126
3805000	101
3810000	111
3815000	118
3820000	96
3825001	127
3830000	108
3835000	121
3840000	137
3845000	143
3850000	132
3855000	95
3860000	114
3865000	135
3870000	114
3875000	128
3880000	121
3885000	119
3890000	79
3895000	129
3900000	128
3905000	133
3910000	132
3915000	116
3920001	117
3925000	131
3930000	118
3935000	124
3940000	122
3945000	126
3950000	140
3955000	122
3960000	105
3965000	117
3970000	119
3975000	125
3980000	117
3985000	114
3990000	132
3995000	108
4000000	112
4005000	109
4010000	113
4015000	105
4020000	103
4025000	127
4030000	124
4035000	120
4040000	127
4045000	130
4050000	99
4055000	127
4060000	129
4065000	119
4070000	128
4075000	123
4080000	132
4085000	107
4090000	132
4095000	114
4100000	130
4105000	104
4110000	117
4115000	113
4120000	114
4125000	129
4130000	131
4135000	116
4140000	143
4145000	111
4150000	104
4155000	131
4160000	111
4165000	130
4170000	115
4175000	134
4180000	129
4185000	133
4190000	127
4195000	118
4200000	111
4205000	107
4210000	110
4215000	147
4220000	119
4225000	124
4230000	117
4235000	113
4240000	136
4245000	122
4250000	94
4255000	120
4260000	112
4265000	105
4270000	126
4275000	113
4280000	118
4285000	135
4290000	112
4295000	111
4300000	128
4305001	118
4310000	122
4315000	127
4320000	106
4325000	127
4330000	150
4335000	124
4340000	125
4345000	95
4350000	113
4355000	128
4360000	109
4365000	110
4370000	127
4375000	114
4380000	131
4385000	117
4390000	113
4395000	136
4400000	138
4405000	123
4410000	130
4415000	110
4420000	104
4425000	104
4430000	96
4435000	135
4440000	140
4445000	109
4450000	111
4455000	108
4460001	130
4465000	130
4470000	136
4475000	124
4480000	112
4485000	98
4490000	114
4495000	128
4500000	140
4505000	110
4510000	122
4515000	131
4520000	103
4525001	123
4530000	140
4535000	98
4540000	123
4545000	117
4550000	106
4555000	121
4560000	139
4565000	106
4570000	112
4575000	107
4580000	120
4585000	116
4590001	123
4595000	121
4600000	118
4605000	124
4610000	122
4615000	107
4620000	127
4625000	125
4630000	120
4635000	127
4640001	109
4645000	124
4650000	115
4655000	95
4660000	128
4665000	109
4670000	120
4675000	107
4680000	131
4685000	140
4690000	113
4695000	131
4700000	128
4705000	120
4710002	125
4715000	123
4720000	116
4725000	121
4730000	113
4735000	112
4740000	124
4745000	115
4750000	94
4755000	113
4760001	131
4765000	113
4770000	132
4775000	112
4780000	127
4785000	116
4790000	110
4795000	111
4800000	123
4805000	116
4810000	109
4815000	135
4820001	132
4825000	128
4830000	114
4835000	107
4840000	131
4845000	112
4850000	116
4855000	108
4860000	101
4865000	121
4870000	118
4875000	140
4880000	131
4885001	118
4890000	118
4895000	118
4900000	111
4905000	113
4910000	124
4915000	117
4920000	110
4925000	130
4930000	124
4935000	123
4940000	130
4945000	110
4950000	121
4955000	119
4960000	135
4965000	116
4970000	120
4975000	130
4980000	97
4985000	131
4990000	107
4995000	103
5000000	121
5005000	115
5010000	98
5015000	116
5020000	116
5025002	111
5030000	112
5035000	122
5040000	134
5045000	118
5050000	109
5055000	144
5060000	135
5065000	119
5070000	128
5075000	132
5080000	121
5085000	129
5090000	109
5095000	113
5100000	131
5105001	126
5110000	125
5115000	120
5120000	109
5125000	119
5130000	125
5135000	114
5140000	122
5145000	125
5150000	97
5155000	106
5160002	137
5165000	124
5170000	123
5175000	107
5180000	128
5185000	118
5190000	118
5195000	122
5200000	107
5205000	134
5210000	109
5215000	115
5220000	127
5225000	141
5230000	116
5235000	112
5240000	115
5245000	109
5250000	132
5255000	116
5260000	126
5265000	128
5270000	113
5275000	105
5280000	129
5285000	111
5290000	113
5295000	116
5300000	127
5305000	135
5310000	122
5315000	116
5320000	129
5325000	96
5330000	101
5335000	130
5340000	104
5345000	119
5350000	118
5355000	126
5360000	126
5365000	120
5370000	126
5375000	132
5380000	124
5385000	118
5390000	114
5395000	139
5400000	133
5405000	116
5410000	109
5415000	117
5420000	123
5425000	115
5430000	95
5435000	139
5440000	121
5445001	109
5450000	103
5455000	117
5460000	116
5465000	119
5470000	130
5475000	95
5480000	122
5485000	115
5490000	132
5495000	109
5500000	111
5505000	119
5510000	135
5515000	136
5520000	130
5525000	112
5530000	130
5535000	115
5540000	117
5545000	123
5550000	125
5555000	127
5560000	128
5565000	106
5570000	126
5575000	129
5580000	115
5585000	103
5590000	122
5595000	128
5600000	132
5605000	122
5610000	128
5615000	110
5620000	120
5625000	121
5630000	107
5635000	98
5640000	112
5645000	95
5650000	137
5655000	112
5660000	115
5665000	109
5670000	109
5675000	119
5680000	113
5685000	109
5690000	110
5695000	122
5700001	122
5705000	129
5710000	120
5715000	132
5720000	110
5725000	124
5730000	127
5735000	115
5740000	112
5745001	112
5750000	113
5755000	111
5760000	121
5765000	117
5770000	121
5775000	132
5780000	129
5785000	98
5790000	124
5795000	123
5800000	123
5805000	114
5810000	127
5815000	126
5820000	107
5825000	113
5830000	136
5835000	103
5840000	108
5845000	115
5850000	129
5855000	140
5860000	102
5865000	101
5870000	121
5875000	121
5880000	136
5885000	119
5890000	122
5895000	119
5900000	101
5905000	120
5910001	124
5915000	101
5920000	109
5925000	114
5930000	129
5935000	125
5940000	119
5945000	109
5950000	106
5955000	118
5960000	129
5965000	125
5970000	147
5975000	113
5980000	122
5985000	105
5990000	110
5995000	130
6000000	133
6005000	118
6010000	111
6015000	111
6020000	122
6025000	129
6030000	128
6035000	113
6040000	119
6045000	108
6050000	106
6055000	133
6060000	117
6065000	133
6070000	123
6075000	120
6080000	132
6085000	120
6090000	127
6095001	122
6100000	123
6105000	139
6110000	101
6115000	114
6120000	117
6125000	136
6130000	138
6135000	116
6140000	98
6145000	123
6150000	146
6155000	113
6160000	121
6165000	139
6170000	125
6175000	121
6180000	119
6185000	125
6190000	111
6195000	133
6200000	135
6205000	114
6210000	116
6215000	113
6220000	150
6225000	113
6230000	100
6235000	93
6240000	117
6245000	113
6250000	127
6255000	100
6260000	131
6265000	120
6270000	145
6275000	130
6280000	119
6285000	121
6290000	114
6295000	116
6300000	136
6305000	117
6310000	129
6315000	123
6320000	119
6325000	112
6330000	120
6335000	113
6340000	106
6345000	120
6350000	120
6355000	123
6360000	115
6365000	130
6370000	117
6375000	111
6380000	122
6385000	116
6390000	116
6395000	116
6400000	100
6405000	136
6410000	112
6415000	130
6420000	137
6425000	111
6430000	125
6435000	127
6440000	137
6445000	114
6450000	138
6455001	123
6460000	109
6465000	111
6470000	133
6475000	125
6480000	110
6485000	117
6490000	121
6495000	134
6500000	133
6505000	110
6510000	114
6515000	115
6520000	107
6525000	112
6530000	115
6535000	127
6540000	119
6545000	105
6550000	118
6555000	119
6560000	110
6565000	119
6570000	124
6575000	102
6580000	114
6585000	123
6590000	108
6595000	112
6600000	115
6605000	100
6610000	131
6615000	121
6620000	132
6625000	123
6630000	121
6635000	120
6640000	115
6645000	105
6650000	118
6655000	101
6660000	100
6665000	114
6670000	119
6675000	126
6680000	132
6685000	130
6690000	100
6695000	117
6700000	113
6705000	110
6710000	134
6715000	110
6720000	99
6725000	95
6730000	121
6735000	119
6740000	125
6745000	106
6750000	116
6755000	132
6760000	126
6765000	114
6770000	130
6775000	115
6780000	137
6785000	115
6790000	132
6795000	137
6800000	109
6805000	135
6810000	137
6815000	135
6820000	116
6825000	123
6830000	121
6835000	106
6840000	123
6845000	131
6850000	97
6855000	140
6860000	119
6865000	117
6870000	112
6875000	107
6880000	130
6885000	142
6890000	129
6895000	114
6900000	115
6905000	137
6910000	110
6915000	112
6920000	116
6925000	125
6930000	123
6935000	126
6940000	133
6945000	123
6950000	124
6955000	116
6960000	113
6965000	130
6970000	137
6975000	120
6980000	110
6985000	116
6990000	96
6995000	121
7000000	150
7005000	93
7010001	127
7015000	132
7020000	124
7025000	109
7030000	138
7035000	118
7040000	117
7045000	126
7050000	135
7055000	122
7060000	115
7065000	105
7070000	116
7075000	110
7080000	97
7085000	146
7090000	111
7095000	95
7100000	122
7105000	105
7110000	115
7115000	120
7120000	134
7125000	126
7130000	116
7135000	116
7140000	128
7145000	113
7150000	113
7155000	112
7160000	114
7165000	110
7170000	124
7175000	102
7180000	133
7185000	121
7190000	117
7195000	106
7200000	117
7205000	112
7210000	120
7215000	119
7220000	95
7225000	105
7230000	110
7235000	129
7240000	105
7245000	118
7250000	110
7255000	113
7260000	99
7265000	115
7270000	97
7275000	107
7280000	113
7285000	129
7290000	107
7295000	136
7300000	119
7305000	119
7310000	127
7315000	131
7320000	115
7325000	133
7330000	145
7335000	124
7340000	125
7345000	118
7350000	107
7355000	113
7360000	106
7365000	120
7370000	108
7375000	124
7380000	113
7385000	110
7390000	123
7395000	135
7400000	116
7405000	105
7410000	143
7415000	134
7420000	127
7425000	121
7430000	129
7435000	115
7440000	128
7445000	127
7450000	124
7455000	123
7460000	112
7465000	115
7470000	130
7475000	144
7480000	131
7485000	125
7490001	119
7495000	124
7500000	108
7505000	130
7510000	119
7515000	122
7520000	114
7525000	127
7530000	120
7535000	117
7540001	111
7545000	130
7550000	131
7555000	126
7560000	114
7565000	132
7570000	100
7575000	111
7580000	97
7585000	104
7590000	132
7595000	114
7600001	134
7605000	115
7610000	118
7615000	120
7620000	99
7625000	112
7630000	107
7635000	112
7640000	101
7645000	124
7650000	114
7655000	99
7660000	123
7665000	127
7670000	124
7675000	117
7680000	109
7685000	125
7690000	112
7695000	108
7700000	119
7705000	143
7710000	118
7715000	111
7720000	110
7725000	107
7730000	137
7735000	114
7740000	125
7745000	104
7750000	140
7755000	118
7760000	112
7765000	134
7770000	106
7775000	118
7780000	120
7785000	91
7790000	124
7795000	125
7800000	124
7805000	91
7810000	125
7815000	119
7820000	103
7825000	115
7830000	111
7835000	125
7840000	124
7845000	131
7850000	118
7855000	125
7860000	114
7865000	118
7870000	127
7875000	110
7880000	117
7885000	118
7890000	124
7895000	140
7900000	131
7905000	129
7910000	131
7915000	139
7920000	127
7925000	112
7930001	127
7935000	125
7940000	116
7945000	95
7950000	134
7955000	108
7960000	106
7965000	110
7970000	114
7975000	126
7980000	109
7985000	119
7990000	129
7995000	126
8000000	122
8005000	113
8010000	125
8015000	121
8020000	125
8025000	105
8030000	114
8035000	112
8040000	112
8045000	117
8050000	126
8055000	135
8060000	133
8065000	129
8070000	94
8075000	127
8080000	121
8085000	123
8090000	123
8095002	111
8100000	122
8105000	137
8110000	113
8115000	121
8120000	109
8125000	118
8130000	124
8135000	116
8140000	112
8145000	122
8150000	138
8155000	113
8160000	126
8165000	122
8170000	105
8175000	121
8180000	109
8185000	118
8190000	110
8195000	113
8200001	111
8205001	138
8210000	121
8215000	142
8220000	110
8225000	129
8230000	125
8235000	117
8240000	140
8245000	130
8250000	103
8255000	113
8260000	123
8265000	113
8270000	106
8275000	123
8280000	121
8285000	125
8290000	109
8295000	116
8300000	133
8305000	144
8310000	120
8315000	119
8320000	129
8325000	123
8330000	124
8335000	123
8340000	113
8345000	135
8350000	119
8355000	123
8360000	107
8365000	117
8370000	121
8375000	106
8380000	122
8385001	141
8390000	119
8395000	133
8400000	117
8405000	106
8410000	109
8415000	125
8420000	123
8425000	126
8430000	129
8435000	112
8440000	118
8445000	106
8450000	139
8455000	138
8460000	138
8465000	112
8470000	133
8475000	113
8480000	115
8485000	131
8490000	120
8495000	119
8500000	104
8505000	126
8510000	123
8515000	127
8520000	109
8525000	126
8530000	123
8535000	119
8540000	127
8545000	114
8550000	109
8555000	111
8560000	122
8565000	119
8570000	129
8575000	96
8580000	120
8585000	121
8590000	131
8595000	121
8600000	122
8605000	122
8610000	121
8615000	117
8620000	124
8625000	127
8630000	119
8635000	128
8640000	118
8645000	119
8650000	137
8655000	108
8660000	113
8665000	104
8670000	129
8675000	120
8680000	109
8685000	128
8690000	114
8695000	118
8700000	120
8705000	110
8710000	118
8715000	117
8720000	124
8725000	118
8730001	119
8735000	128
8740000	122
8745000	136
8750000	117
8755000	115
8760000	113
8765000	113
8770000	118
8775001	118
8780000	108
8785000	118
8790000	116
8795000	132
8800000	114
8805000	122
8810000	131
8815001	128
8820000	110
8825000	119
8830000	94
8835000	104
8840000	132
8845000	123
8850000	116
8855000	127
8860000	106
8865000	127
8870001	115
8875000	107
8880000	125
8885000	115
8890000	114
8895000	129
8900000	117
8905000	121
8910001	129
8915000	120
8920000	103
8925000	126
8930000	111
8935000	111
8940000	136
8945000	123
8950000	113
8955000	139
8960000	122
8965000	141
8970000	127
8975000	126
8980000	99
8985000	135
8990000	120
8995000	122
9000000	113
9005000	103
9010000	121
9015000	117
9020000	134
9025000	112
9030000	118
9035000	119
9040000	126
9045000	102
9050000	135
9055000	133
9060001	117
9065000	108
9070000	111
9075000	125
9080000	124
9085000	119
9090000	127
9095000	120
9100000	135
9105000	125
9110000	120
9115000	117
9120000	127
9125000	98
9130000	109
9135000	108
9140000	108
9145000	120
9150000	120
9155000	120
9160000	122
9165000	118
9170000	121
9175000	113
9180000	125
9185000	109
9190000	111
9195000	104
9200000	101
9205000	95
9210000	111
9215000	125
9220000	143
9225000	102
9230000	117
9235000	109
9240000	115
9245000	99
9250000	130
9255000	115
9260000	139
9265000	113
9270000	100
9275000	110
9280000	109
9285000	147
9290000	136
9295000	111
9300000	115
9305000	114
9310000	132
9315000	129
9320000	146
9325000	115
9330000	104
9335000	100
9340000	114
9345000	122
9350000	103
9355000	114
9360000	118
9365000	111
9370000	120
9375000	99
9380000	132
9385000	100
9390000	114
9395000	118
9400000	118
9405000	122
9410000	126
9415000	123
9420000	102
9425000	106
9430000	141
9435000	118
9440000	108
9445000	110
9450000	125
9455000	98
9460000	126
9465000	126
9470000	117
9475000	126
9480000	140
9485000	111
9490000	130
9495000	146
9500000	124
9505000	120
9510000	131
9515000	111
9520002	111
9525000	101
9530000	108
9535000	126
9540000	116
9545000	118
9550000	116
9555000	117
9560000	108
9565000	115
9570000	140
9575000	123
9580000	113
9585000	117
9590000	137
9595000	130
9600000	110
9605000	137
9610000	102
9615000	103
9620000	122
9625000	127
9630000	125
9635000	135
9640000	129
9645000	122
9650001	110
9655000	102
9660000	113
9665000	100
9670001	113
9675000	107
9680000	102
9685000	115
9690000	121
9695000	129
9700000	121
9705000	109
9710000	103
9715000	117
9720000	115
9725000	122
9730000	97
9735000	116
9740000	122
9745000	119
9750000	113
9755000	118
9760000	130
9765000	116
9770000	138
9775000	114
9780000	113
9785000	109
9790000	117
9795000	140
9800000	116
9805000	120
9810000	108
9815000	102
9820000	123
9825000	118
9830000	139
9835000	87
9840000	98
9845000	117
9850000	121
9855000	122
9860000	107
9865000	124
9870000	108
9875000	127
9880000	126
9885000	116
9890000	114
9895000	116
9900000	111
9905000	91
9910000	115
9915000	113
9920000	127
9925000	119
9930000	125
9935000	119
9940000	127
9945000	108
9950000	112
9955000	99
9960000	112
9965000	116
9970000	116
9975000	127
9980000	104
9985000	116
9990000	96
9995000	129
10000000	112
10005000	123
10010000	113
10015000	115
10020000	128
10025000	127
10030000	137
10035000	120
10040000	121
10045000	119
10050000	114
10055000	104
10060000	137
10065000	119
10070000	121
10075000	105
10080000	133
10085000	127
10090001	102
10095000	106
10100000	125
10105000	114
10110000	116
10115000	116
10120000	118
10125000	106
10130000	134
10135000	105
10140000	116
10145000	110
10150000	102
10155000	113
10160000	129
10165000	117
10170000	110
10175000	109
10180000	110
10185000	124
10190000	130
10195000	131
10200000	120
10205000	97
10210000	108
10215000	125
10220000	129
10225000	131
10230000	137
10235000	113
10240000	153
10245000	133
10250000	136
10255000	115
10260000	124
10265000	137
10270000	114
10275000	104
10280000	134
10285000	117
10290000	120
10295000	98
10300000	130
10305000	130
10310000	124
10315000	118
10320000	118
10325000	110
10330000	148
10335000	116
10340000	127
10345000	120
10350000	102
10355000	140
10360000	131
10365000	120
10370000	116
10375000	104
10380000	90
10385000	102
10390000	113
10395000	122
10400000	134
10405000	112
10410000	118
10415000	111
10420000	128
10425000	124
10430000	112
10435000	119
10440000	116
10445000	136
10450000	119
10455000	117
10460000	131
10465000	121
10470000	109
10475000	105
10480000	116
10485000	131
10490000	122
10495000	120
10500000	98
10505000	120
10510000	105
10515000	123
10520000	110
10525001	121
10530000	119
10535000	127
10540000	116
10545000	132
10550000	135
10555000	123
10560000	124
10565000	121
10570000	124
10575000	139
10580000	131
10585000	110
10590000	106
10595000	115
10600000	112
10605000	128
10610000	121
10615000	129
10620000	111
10625000	110
10630000	97
10635000	130
10640000	97
10645000	107
10650000	118
10655000	127
10660000	130
10665000	121
10670000	131
10675000	121
10680000	119
10685000	121
10690000	103
10695000	109
10700000	133
10705000	128
10710000	111
10715000	136
10720000	110
10725000	110
10730000	118
10735000	106
10740000	104
10745000	130
10750000	113
10755000	129
10760000	110
10765000	102
10770000	110
10775000	124
10780000	122
10785000	110
10790000	128
10795000	120
10800000	139
10805000	140
10810000	127
10815000	131
10820000	115
10825000	123
10830000	98
10835000	122
10840000	105
10845000	126
10850000	131
10855000	114
10860000	128
10865000	126
10870000	113
10875000	128
10880000	125
10885000	138
10890000	118
10895000	120
10900000	115
10905000	114
10910000	110
10915000	121
10920000	93
10925000	122
10930000	112
10935000	109
10940000	129
10945000	143
10950000	108
10955000	100
10960000	112
10965000	120
10970000	127
10975000	126
10980000	112
10985000	127
10990000	116
10995000	119
11000000	111
11005000	129
11010000	89
11015000	124
11020000	120
11025000	115
11030000	110
11035000	136
11040000	128
11045000	113
11050000	131
11055000	133
11060000	102
11065000	119
11070000	112
11075000	123
11080000	116
11085000	109
11090000	106
11095000	121
11100000	117
11105000	116
11110000	123
11115000	127
11120000	114
11125000	124
11130000	99
11135000	119
11140000	92
11145000	120
11150000	101
11155000	93
11160000	116
11165000	111
11170000	125
11175000	115
11180000	129
11185000	127
11190000	120
11195000	119
11200001	100
11205000	124
11210000	123
11215000	110
11220000	104
11225000	112
11230000	106
11235000	128
11240000	133
11245000	128
11250000	136
11255000	116
11260000	128
11265000	129
11270000	107
11275000	113
11280000	122
11285000	126
11290000	124
11295000	128
11300000	120
11305000	133
11310000	134
11315000	130
11320000	123
11325000	125
11330000	118
11335000	111
11340000	114
11345000	127
11350000	116
11355000	107
11360000	123
11365000	114
11370000	120
11375000	121
11380000	125
11385000	129
11390000	119
11395000	108
11400000	141
11405000	133
11410000	113
11415000	98
11420000	106
11425000	97
11430000	123
11435000	120
11440000	127
11445000	116
11450000	109
11455000	109
11460000	106
11465001	116
11470000	118
11475000	136
11480000	106
11485000	122
11490000	123
11495000	116
11500000	118
11505000	117
11510000	112
11515000	99
11520000	113
11525000	110
11530000	109
11535000	129
11540000	117
11545000	132
11550000	117
11555000	100
11560000	120
11565000	129
11570000	110
11575000	119
11580000	128
11585000	128
11590000	102
11595000	126
11600000	127
11605000	119
11610000	130
11615000	104
11620000	110
11625000	110
11630000	117
11635000	108
11640000	103
11645000	121
11650000	120
11655000	122
11660000	100
11665000	127
11670000	127
11675000	114
11680000	112
11685000	137
11690000	135
11695000	119
11700000	119
11705000	119
11710000	115
11715000	126
11720000	120
11725000	117
11730000	127
11735000	111
11740000	107
11745000	143
11750000	110
11755000	121
11760000	121
11765000	111
11770000	122
11775000	120
11780000	123
11785000	109
11790000	116
11795000	125
11800000	120
11805000	119
11810000	116
11815000	114
11820000	129
11825000	127
11830000	102
11835000	138
11840000	105
11845000	92
11850000	142
11855000	119
11860000	123
11865000	113
11870000	101
11875000	91
11880000	118
11885000	122
11890000	129
11895000	106
11900000	126
11905000	130
11910000	135
11915000	119
11920000	131
11925000	125
11930000	121
11935000	120
11940000	123
11945000	110
11950000	112
11955000	130
11960000	131
11965000	122
11970000	96
11975000	117
11980000	114
11985000	135
11990000	123
11995000	131
12000000	105
12005000	104
12010000	128
12015000	126
12020000	107
12025000	126
12030000	141
12035000	138
12040000	110
12045000	128
12050000	122
12055000	135
12060000	117
12065000	125
12070000	130
12075000	113
12080000	118
12085000	112
12090000	117
12095000	126
12100000	132
12105000	112
12110000	113
12115000	108
12120000	112
12125000	123
12130000	130
12135000	107
12140000	124
12145000	121
12150000	125
12155000	132
12160000	114
12165000	114
12170000	114
12175000	128
12180000	123
12185000	118
12190000	109
12195000	136
12200001	118
12205000	102
12210000	117
12215000	109
12220000	117
12225000	120
12230000	98
12235000	124
12240000	132
12245000	142
12250000	124
12255000	107
12260000	89
12265000	142
12270000	108
12275000	114
12280000	123
12285000	108
12290000	136
12295000	94
12300000	112
12305000	117
12310000	129
12315000	117
12320000	113
12325000	116
12330000	114
12335000	132
12340000	124
12345000	120
12350000	126
12355000	104
12360000	127
12365000	107
12370000	103
12375000	117
12380000	121
12385000	121
12390000	104
12395000	122
12400000	107
12405000	115
12410000	128
12415000	118
12420000	115
12425000	118
12430000	123
12435000	125
12440000	130
12445000	120
12450000	109
12455000	120
12460000	136
12465000	117
12470000	132
12475000	132
12480000	119
12485000	132
12490000	125
12495000	103
12500000	130
12505000	127
12510000	112
12515000	110
12520000	100
12525000	123
12530000	111
12535000	121
12540000	111
12545000	111
12550000	122
12555000	117
12560000	111
12565000	123
12570000	103
12575000	114
12580000	98
12585000	138
12590000	126
12595000	128
12600000	133
12605000	119
12610000	103
12615000	120
12620000	118
12625000	117
12630000	107
12635000	118
12640000	116
12645000	104
12650000	105
12655000	132
12660000	121
12665000	100
12670000	140
12675000	117
12680000	114
12685000	115
12690000	121
12695000	112
12700000	101
12705000	119
12710000	121
12715000	126
12720000	131
12725000	109
12730000	120
12735000	119
12740000	121
12745000	112
12750000	116
12755000	106
12760000	118
12765000	132
12770000	118
12775000	129
12780000	122
12785000	112
12790000	139
12795000	117
12800000	111
12805000	126
12810000	142
12815000	109
12820000	125
12825000	125
12830000	125
12835000	115
12840000	119
12845000	115
12850000	121
12855000	134
12860000	119
12865000	122
12870000	123
12875000	120
12880000	110
12885000	104
12890000	124
12895000	134
12900000	142
12905000	132
12910000	120
12915000	127
12920000	103
12925000	120
12930000	107
12935000	125
12940000	122
12945000	110
12950000	101
12955000	114
12960000	108
12965000	128
12970000	111
12975000	128
12980000	118
12985000	130
12990000	123
12995000	134
13000000	121
13005000	123
13010000	106
13015000	117
13020000	110
13025000	103
13030001	109
13035000	123
13040000	109
13045000	116
13050000	116
13055000	124
13060000	131
13065000	111
13070000	118
13075000	117
13080000	118
13085000	92
13090000	115
13095000	115
13100000	119
13105000	130
13110000	118
13115000	113
13120000	130
13125000	107
13130000	110
13135000	121
13140000	128
13145000	121
13150000	117
13155000	131
13160000	93
13165000	119
13170000	109
13175000	118
13180000	103
13185000	125
13190000	109
13195000	122
13200000	129
13205000	110
13210000	122
13215000	116
13220000	125
13225000	112
13230000	141
13235000	107
13240000	106
13245000	124
13250000	114
13255000	120
13260000	124
13265000	108
13270000	115
13275000	105
13280000	109
13285000	116
13290000	126
13295000	129
13300000	108
13305000	114
13310000	109
13315000	115
13320000	128
13325000	123
13330000	92
13335000	111
13340000	116
13345000	117
13350000	138
13355000	126
13360000	111
13365000	118
13370000	122
13375000	120
13380000	119
13385000	118
13390000	111
13395000	133
13400000	131
13405001	89
13410000	115
13415000	108
13420000	136
13425000	125
13430000	111
13435000	113
13440000	123
13445000	111
13450000	116
13455000	127
13460000	125
13465000	121
13470000	109
13475000	127
13480000	103
13485000	139
13490000	147
13495000	117
13500000	111
13505000	94
13510000	124
13515000	148
13520000	111
13525000	122
13530000	109
13535000	107
13540000	126
13545000	120
13550000	129
13555000	119
13560000	118
13565000	130
13570000	131
13575000	114
13580000	122
13585000	130
13590000	129
13595000	115
13600000	102
13605000	134
13610000	96
13615000	123
13620000	119
13625000	119
13630000	130
13635000	126
13640000	111
13645000	126
13650000	136
13655000	115
13660000	111
13665000	131
13670000	117
13675000	108
13680000	112
13685000	115
13690000	113
13695000	132
13700000	102
13705000	123
13710000	125
13715000	123
13720000	117
13725000	108
13730000	122
13735000	92
13740000	121
13745000	132
13750000	125
13755000	107
13760000	97
13765000	119
13770000	106
13775000	113
13780000	112
13785000	122
13790000	133
13795000	117
13800000	122
13805000	101
13810000	114
13815000	124
13820000	117
13825000	139
13830000	134
13835000	105
13840000	114
13845000	104
13850000	117
13855000	121
13860000	106
13865000	109
13870000	120
13875000	109
13880000	111
13885000	115
13890000	124
13895000	128
13900000	135
13905000	116
13910000	120
13915000	113
13920000	120
13925000	109
13930000	102
13935000	130
13940000	130
13945000	134
13950000	112
13955000	110
13960000	132
13965000	115
13970000	128
13975000	127
13980000	122
13985000	94
13990000	106
13995000	99
14000000	103
14005000	112
14010000	112
14015000	130
14020000	108
14025000	133
14030000	136
14035000	111
14040000	119
14045000	127
14050000	117
14055000	125
14060000	118
14065000	108
14070000	127
14075000	112
14080000	110
14085000	111
14090000	122
14095000	112
14100000	115
14105000	107
14110000	118
14115000	139
14120000	111
14125000	119
14130000	115
14135000	106
14140000	126
14145000	113
14150000	117
14155000	105
14160000	139
14165000	136
14170000	104
14175000	117
14180000	122
14185000	131
14190000	114
14195000	114
14200000	130
14205000	115
14210000	111
14215000	145
14220000	120
14225000	117
14230000	116
14235000	107
14240000	128
14245000	98
14250000	125
14255000	128
14260000	113
14265000	135
14270000	145
14275000	104
14280000	120
14285000	99
14290000	105
14295000	132
14300000	125
14305000	137
14310000	110
14315000	105
14320000	112
14325000	128
14330000	102
14335000	135
14340000	124
14345000	125
14350000	129
14355000	122
14360000	125
14365000	104
14370000	118
14375000	128
14380000	116
14385000	123
14390000	115
14395000	121
14400000	111
14405000	152
14410000	123
14415000	108
14420000	111
14425000	102
14430000	125
14435000	113
14440000	144
14445000	99
14450000	116
14455000	123
14460000	103
14465000	140
14470000	116
14475000	116
14480000	124
14485000	117
14490000	111
14495000	103
14500000	115
14505000	125
14510000	114
14515000	111
14520000	114
14525000	106
14530000	134
14535000	125
14540000	134
14545000	118
14550000	116
14555000	133
14560000	123
14565000	102
14570000	109
14575000	109
14580000	124
14585000	128
14590000	125
14595000	115
14600000	102
14605000	109
14610000	118
14615000	123
14620000	136
14625000	107
14630000	113
14635000	113
14640000	112
14645000	121
14650000	129
14655000	111
14660000	130
14665000	103
14670000	116
14675000	125
14680000	118
14685000	131
14690000	127
14695000	128
14700000	121
14705000	109
14710000	122
14715000	111
14720000	125
14725000	104
14730000	129
14735000	103
14740000	140
14745000	107
14750000	104
14755000	115
14760000	121
14765000	113
14770000	122
14775000	103
14780000	109
14785000	118
14790000	116
14795000	133
14800000	117
14805000	124
14810000	110
14815000	157
14820000	105
14825000	112
14830000	118
14835000	120
14840000	96
14845000	117
14850000	129
14855000	127
14860000	118
14865000	112
14870000	100
14875000	110
14880000	115
14885000	110
14890000	132
14895000	130
14900000	126
14905000	91
14910000	123
14915000	120
14920000	113
14925000	137
14930000	98
14935000	115
14940000	105
14945000	128
14950000	112
14955000	112
14960000	115
14965000	100
14970000	129
14975000	107
14980000	117
14985000	124
14990000	119
14995000	120
15000000	130
15005000	108
15010000	110
15015000	109
15020000	112
15025000	129
15030000	123
15035000	109
15040000	110
15045000	105
15050000	120
15055000	121
15060000	115
15065000	126
15070000	128
15075000	98
15080000	114
15085000	104
15090000	122
15095000	109
15100000	103
15105000	111
15110000	118
15115000	101
15120000	118
15125000	102
15130000	122
15135000	108
15140000	114
15145000	121
15150000	116
15155000	118
15160000	125
15165000	110
15170000	114
15175000	119
15180000	116
15185000	125
15190000	122
15195000	115
15200000	116
15205000	112
15210000	124
15215000	112
15220000	105
15225000	123
15230000	97
15235000	112
15240000	133
15245000	122
15250000	121
15255000	104
15260000	112
15265000	120
15270000	123
15275000	120
15280000	112
15285000	133
15290000	116
15295000	101
15300000	133
15305000	123
15310000	118
15315000	123
15320000	106
15325000	111
15330000	138
15335000	125
15340000	114
15345000	143
15350000	108
15355000	109
15360000	127
15365000	140
15370000	121
15375000	109
15380000	118
15385000	113
15390000	117
15395000	119
15400000	124
15405000	127
15410000	114
15415000	123
15420000	117
15425000	121
15430000	121
15435000	104
15440000	114
15445000	117
15450000	120
15455000	134
15460000	99
15465000	107
15470000	133
15475000	106
15480000	121
15485000	98
15490000	122
15495000	122
15500000	131
15505000	113
15510000	116
15515000	117
15520000	112
15525000	119
15530000	117
15535000	127
15540000	125
15545000	120
15550000	114
15555000	94
15560000	119
15565000	129
15570000	116
15575000	119
15580000	112
15585000	106
15590000	113
15595000	103
15600000	116
15605000	123
15610000	119
15615000	140
15620000	106
15625000	131
15630000	94
15635000	113
15640000	108
15645000	112
15650000	129
15655000	128
15660000	118
15665000	112
15670000	106
15675000	119
15680000	115
15685000	134
15690000	137
15695000	135
15700000	120
15705000	118
15710000	116
15715000	131
15720000	107
15725000	117
15730000	126
15735000	133
15740000	102
15745000	119
15750000	112
15755000	113
15760000	128
15765000	126
15770000	100
15775000	124
15780000	125
15785000	101
15790000	116
15795000	113
15800000	135
15805000	126
15810000	111
15815000	128
15820000	114
15825000	125
15830000	132
15835000	126
15840000	134
15845000	118
15850000	117
15855000	139
15860000	107
15865000	105
15870000	113
15875000	101
15880000	116
15885000	107
15890000	105
15895000	112
15900000	109
15905000	114
15910000	119
15915000	121
15920000	121
15925000	126
15930000	114
15935000	131
15940000	111
15945000	126
15950000	121
15955000	114
15960000	98
15965000	111
15970000	111
15975000	109
15980000	126
15985000	113
15990000	127
15995000	119
16000000	124
16005000	96
16010000	113
16015000	107
16020000	128
16025000	120
16030000	125
16035000	122
16040000	121
16045000	116
16050000	106
16055000	95
16060000	119
16065000	118
16070000	123
16075000	121
16080000	112
16085000	112
16090000	126
16095000	117
16100000	131
16105000	117
16110000	109
16115000	123
16120000	106
16125000	118
16130000	98
16135000	154
16140000	121
16145000	138
16150000	129
16155000	105
16160000	102
16165000	116
16170000	115
16175000	122
16180000	106
16185000	136
16190000	115
16195000	122
16200000	127
16205000	116
16210000	127
16215000	117
16220000	101
16225000	100
16230000	102
16235000	115
16240000	133
16245000	117
16250000	122
16255000	130
16260000	108
16265000	134
16270000	110
16275000	122
16280000	104
16285000	117
16290000	127
16295000	107
16300000	99
16305000	121
16310000	126
16315000	111
16320000	118
16325000	132
16330000	121
16335000	99
16340000	103
16345000	120
16350000	109
16355000	107
16360000	119
16365000	134
16370000	131
16375000	119
16380000	124
16385000	112
16390000	117
16395000	133
16400000	84
16405000	127
16410000	112
16415000	114
16420000	136
16425000	123
16430000	98
16435000	105
16440000	115
16445000	94
16450000	116
16455000	127
16460000	131
16465000	117
16470000	108
16475000	106
16480001	122
16485000	123
16490000	105
16495000	114
16500001	134
16505000	132
16510001	101
16515000	109
16520000	114
16525000	99
16530000	119
16535000	126
16540000	115
16545000	116
16550000	92
16555000	108
16560000	116
16565000	123
16570000	104
16575000	110
16580000	118
16585003	142
16590000	118
16595000	117
16600000	142
16605000	106
16610000	113
16615000	101
16620000	100
16625000	124
16630000	121
16635000	118
16640000	113
16645000	112
16650000	133
16655000	121
16660000	121
16665000	109
16670000	130
16675000	110
16680000	101
16685000	107
16690000	125
16695000	118
16700000	113
16705000	120
16710000	121
16715000	115
16720000	143
16725000	108
16730000	117
16735000	120
16740000	117
16745000	111
16750000	122
16755000	108
16760000	119
16765000	116
16770000	138
16775000	120
16780000	120
16785000	102
16790000	126
16795000	140
16800000	105
16805000	107
16810000	121
16815000	120
16820000	93
16825000	111
16830000	136
16835000	119
16840000	97
16845000	118
16850000	103
16855000	110
16860000	130
16865000	110
16870000	105
16875000	110
16880000	106
16885000	120
16890000	128
16895000	115
16900000	118
16905000	116
16910000	153
16915000	110
16920000	102
16925000	120
16930000	134
16935000	131
16940000	115
16945001	115
16950000	121
16955000	116
16960000	123
16965000	118
16970000	142
16975000	94
16980000	123
16985000	125
16990000	110
16995000	126
17000000	119
17005000	127
17010000	115
17015000	100
17020000	115
17025000	121
17030000	115
17035000	114
17040000	118
17045000	116
17050000	125
17055000	116
17060000	130
17065000	110
17070000	105
17075000	102
17080000	122
17085000	118
17090000	109
17095000	130
17100000	117
17105000	109
17110000	139
17115000	112
17120000	128
17125000	107
17130000	125
17135000	92
17140000	119
17145000	109
17150000	107
17155000	109
17160000	134
17165000	139
17170000	134
17175000	112
17180000	123
17185000	102
17190000	135
17195000	130
17200000	124
17205000	103
17210000	111
17215000	116
17220000	110
17225000	121
17230000	119
17235000	130
17240000	111
17245000	107
17250000	121
17255000	119
17260000	109
17265000	121
17270000	112
17275000	114
17280000	113
17285000	115
17290000	127
17295000	121
17300000	116
17305000	114
17310000	130
17315000	128
17320000	116
17325000	121
17330000	112
17335000	134
17340000	113
17345000	125
17350000	110
17355000	125
17360000	130
17365000	103
17370000	108
17375000	108
17380000	98
17385000	137
17390000	115
17395000	123
17400000	120
17405000	112
17410000	119
17415000	117
17420000	125
17425000	104
17430000	128
17435000	111
17440000	121
17445000	105
17450002	112
17455000	136
17460000	116
17465000	122
17470000	119
17475000	107
17480000	108
17485000	110
17490000	116
17495000	127
17500000	129
17505000	145
17510000	93
17515000	110
17520000	119
17525000	123
17530000	115
17535000	97
17540000	124
17545000	111
17550000	122
17555000	151
17560000	108
17565000	126
17570000	124
17575001	131
17580000	123
17585000	118
17590000	114
17595000	115
17600000	126
17605000	139
17610000	118
17615000	123
17620000	137
17625000	128
17630000	108
17635000	131
17640000	113
17645000	138
17650000	126
17655000	113
17660000	120
17665000	124
17670000	106
17675000	123
17680000	150
17685000	113
17690000	110
17695000	108
17700000	115
17705000	118
17710000	123
17715000	124
17720000	93
17725000	123
17730000	124
17735000	114
17740000	105
17745000	131
17750001	118
17755000	108
17760000	146
17765000	122
17770000	114
17775000	123
17780000	115
17785000	115
17790000	128
17795000	111
17800000	103
17805000	112
17810000	123
17815000	119
17820000	99
17825000	116
17830000	115
17835000	104
17840000	112
17845000	131
17850000	109
17855000	130
17860000	126
17865000	111
17870000	137
17875000	115
17880000	123
17885000	121
17890000	117
17895000	112
17900000	109
17905000	135
17910000	135
17915000	142
17920000	115
17925000	116
17930000	130
17935000	103
17940000	109
17945000	105
17950000	100
17955000	122
17960000	109
17965000	136
17970000	118
17975000	124
17980000	103
17985000	131
17990000	112
17995000	116
18000000	125
18005000	114
18010000	101
18015000	124
18020000	103
18025000	121
18030000	117
18035000	107
18040000	115
18045000	130
18050000	103
18055000	120
18060000	118
18065000	108
18070000	95
18075000	124
18080000	119
18085000	113
18090000	97
18095000	116
18100000	115
18105000	119
18110000	112
18115000	117
18120000	148
18125000	119
18130000	130
18135000	137
18140000	130
18145000	102
18150000	118
18155000	127
18160000	120
18165000	113
18170000	129
18175000	113
18180000	114
18185000	126
18190000	105
18195000	124
18200000	128
18205000	138
18210000	94
18215000	119
18220000	128
18225000	107
18230000	109
18235000	126
18240000	125
18245000	125
18250000	125
18255000	121
18260000	113
18265000	105
18270000	107
18275000	118
18280000	141
18285000	129
18290000	112
18295000	113
18300000	131
18305000	103
18310000	103
18315000	116
18320000	122
18325000	109
18330000	109
18335000	116
18340000	100
18345000	110
18350000	104
18355000	114
18360000	108
18365000	110
18370000	114
18375000	119
18380000	114
18385000	112
18390000	107
18395000	110
18400000	138
18405000	110
18410000	114
18415000	102
18420000	106
18425000	109
18430000	137
18435000	112
18440000	124
18445000	132
18450000	112
18455000	115
18460000	122
18465000	113
18470000	96
18475000	115
18480000	123
18485000	111
18490000	116
18495000	114
18500000	109
18505000	122
18510000	121
18515000	120
18520000	131
18525000	106
18530000	109
18535000	120
18540000	114
18545000	111
18550000	107
18555000	119
18560000	133
18565000	114
18570000	126
18575000	125
18580000	146
18585000	140
18590000	111
18595000	127
18600000	114
18605000	139
18610000	137
18615000	125
18620000	106
18625000	102
18630000	112
18635000	106
18640000	114
18645000	113
18650000	106
18655000	107
18660000	134
18665000	122
18670000	111
18675000	115
18680000	108
18685000	124
18690000	107
18695000	119
18700000	127
18705000	114
18710000	115
18715000	134
18720000	118
18725000	118
18730000	96
18735000	124
18740000	106
18745000	109
18750000	126
18755000	133
18760000	134
18765000	116
18770000	111
18775000	107
18780000	137
18785000	133
18790000	111
18795000	120
18800000	121
18805000	128
18810000	125
18815000	108
18820000	124
18825000	135
18830000	128
18835000	122
18840001	112
18845000	107
18850000	107
18855000	127
18860000	104
18865000	112
18870000	119
18875000	134
18880000	129
18885000	108
18890000	108
18895000	102
18900000	119
18905000	119
18910000	128
18915000	120
18920000	108
18925000	140
18930000	104
18935000	125
18940000	124
18945000	113
18950000	103
18955000	121
18960000	97
18965000	128
18970000	124
18975000	128
18980000	129
18985000	129
18990000	129
18995000	118
19000000	123
19005000	121
19010000	93
19015000	98
19020000	110
19025000	121
19030000	103
19035000	112
19040000	106
19045000	123
19050000	116
19055000	120
19060000	112
19065000	114
19070000	115
19075000	117
19080000	109
19085000	127
19090000	104
19095000	112
19100000	115
19105000	129
19110000	116
19115000	97
19120000	112
19125000	128
19130000	119
19135000	107
19140000	119
19145000	115
19150000	120
19155000	114
19160000	106
19165000	117
19170000	129
19175000	128
19180000	99
19185000	120
19190000	107
19195000	116
19200000	128
19205000	135
19210000	119
19215000	118
19220000	131
19225000	106
19230000	111
19235000	117
19240000	106
19245001	116
19250000	117
19255000	120
19260000	91
19265000	105
19270000	99
19275000	109
19280000	120
19285000	121
19290000	132
19295000	130
19300000	109
19305000	117
19310001	124
19315000	115
19320000	121
19325000	107
19330000	111
19335000	126
19340000	129
19345000	125
19350000	126
19355000	124
19360000	120
19365000	113
19370000	118
19375000	129
19380000	122
19385000	99
19390000	117
19395000	116
19400000	114
19405000	110
19410000	118
19415000	127
19420000	125
19425000	94
19430000	142
19435000	132
19440000	120
19445000	111
19450000	119
19455000	135
19460000	117
19465000	134
19470000	118
19475000	133
19480000	125
19485000	118
19490000	123
19495000	128
19500000	111
19505000	124
19510000	118
19515000	106
19520000	144
19525000	102
19530000	123
19535000	113
19540000	113
19545000	120
19550000	126
19555000	125
19560000	127
19565000	130
19570000	115
19575000	134
19580000	111
19585000	142
19590000	117
19595000	130
19600000	117
19605000	125
19610000	94
19615000	110
19620000	120
19625000	115
19630000	105
19635000	144
19640000	131
19645000	117
19650000	118
19655000	111
19660000	113
19665000	109
19670000	114
19675000	106
19680000	88
19685000	126
19690000	112
19695000	106
19700000	131
19705000	129
19710000	141
19715000	111
19720000	115
19725000	120
19730000	118
19735000	117
19740000	130
19745000	118
19750000	119
19755000	139
19760000	104
19765000	110
19770000	137
19775000	107
19780000	127
19785000	125
19790000	137
19795000	139
19800000	109
19805000	118
19810000	125
19815000	109
19820000	105
19825000	118
19830000	130
19835000	106
19840000	95
19845000	115
19850000	132
19855000	106
19860000	130
19865000	138
19870000	118
19875000	108
19880000	126
19885000	116
19890000	137
19895000	112
19900000	111
19905000	107
19910000	121
19915000	123
19920000	128
19925000	131
19930000	127
19935000	121
19940000	107
19945000	118
19950004	118
19955000	124
19960000	113
19965000	99
19970000	120
19975000	108
19980000	129
19985000	118
19990000	103
19995000	112
20000000	110
20005000	129
20010000	129
20015000	122
20020000	119
20025000	106
20030000	116
20035000	100
20040000	109
20045000	121
20050000	125
20055000	119
20060000	108
20065000	104
20070000	108
20075000	136
20080000	104
20085000	111
20090000	122
20095000	105
20100000	118
20105000	116
20110000	87
20115000	136
20120000	109
20125000	118
20130000	108
20135000	103
20140000	104
20145000	115
20150000	127
20155000	120
20160000	122
20165000	116
20170000	128
20175000	120
20180000	119
20185000	124
20190000	138
20195000	104
20200000	121
20205000	107
20210000	142
20215000	103
20220000	133
20225000	122
20230000	117
20235000	127
20240000	103
20245000	131
20250000	124
20255000	99
20260000	114
20265000	102
20270000	132
20275000	129
20280000	121
20285000	112
20290000	107
20295000	117
20300000	124
20305000	123
20310000	122
20315000	125
20320000	116
20325000	118
20330000	113
20335000	121
20340000	108
20345000	131
20350000	111
20355000	108
20360000	102
20365000	139
20370000	122
20375000	124
20380000	126
20385000	100
20390000	123
20395000	112
20400000	106
20405000	90
20410000	112
20415000	103
20420000	104
20425000	110
20430000	135
20435000	130
20440000	120
20445000	109
20450000	116
20455000	135
20460000	91
20465000	121
20470000	112
20475000	142
20480000	127
20485000	112
20490000	126
20495000	132
20500000	109
20505000	92
20510000	118
20515000	110
20520000	103
20525000	124
20530000	110
20535000	148
20540000	117
20545000	116
20550000	122
20555000	122
20560000	113
20565000	131
20570000	128
20575000	115
20580000	125
20585000	120
20590000	116
20595000	128
20600000	124
20605000	116
20610000	107
20615000	118
20620000	122
20625000	120
20630000	127
20635000	116
20640000	114
20645000	114
20650000	111
20655000	138
20660000	119
20665000	122
20670000	124
20675000	112
20680000	123
20685000	128
20690000	141
20695000	139
20700000	120
20705000	127
20710000	122
20715000	129
20720000	117
20725000	136
20730000	108
20735000	113
20740000	117
20745000	124
20750000	139
20755000	120
20760000	122
20765000	131
20770000	112
20775000	112
20780000	98
20785000	121
20790000	121
20795000	101
20800000	127
20805000	95
20810000	104
20815000	129
20820000	101
20825000	124
20830000	128
20835000	116
20840000	121
20845000	110
20850000	116
20855000	123
20860000	126
20865000	110
20870000	121
20875000	104
20880000	116
20885000	127
20890000	111
20895000	126
20900000	140
20905000	139
20910000	131
20915000	125
20920000	108
20925000	91
20930000	108
20935000	124
20940000	118
20945000	127
20950000	137
20955000	121
20960000	112
20965000	136
20970000	135
20975000	112
20980000	126
20985000	126
20990000	121
20995000	120
21000000	112
21005000	116
21010000	126
21015000	117
21020000	128
21025000	137
21030000	127
21035000	123
21040000	114
21045000	102
21050000	116
21055000	107
21060000	121
21065000	139
21070000	122
21075000	107
21080000	115
21085000	115
21090000	122
21095000	129
21100000	127
21105000	128
21110000	127
21115000	117
21120000	123
21125000	121
21130000	111
21135000	127
21140000	119
21145000	116
21150000	118
21155000	117
21160000	103
21165000	118
21170000	122
21175000	136
21180000	119
21185000	114
21190000	107
21195000	124
21200000	126
21205000	103
21210000	115
21215000	110
21220000	102
21225000	120
21230000	127
21235000	125
21240000	131
21245000	106
21250000	116
21255000	136
21260000	120
21265000	120
21270000	103
