500	8
1000	9
1500	7
2000	7
2500	7
3000	7
3500	9
4000	12
4501	11
5000	6
5500	11
6000	4
6500	8
7000	9
7500	7
8000	6
8500	4
9000	9
9500	6
10000	6
10500	10
11000	8
11500	7
12000	5
12500	9
13000	4
13500	6
14000	9
14500	9
15000	7
15500	8
16000	10
16500	6
17000	7
17500	9
18000	3
18500	11
19000	11
19500	8
20000	3
20500	11
21000	9
21500	7
22000	8
22500	6
23000	4
23501	6
24000	10
24500	3
25000	7
25500	1
26000	4
26500	8
27000	1
27500	3
28000	7
28500	6
29000	6
29500	6
30000	5
30500	4
31000	7
31500	9
32000	7
32500	4
33000	5
33500	4
34001	3
34500	6
35000	5
35501	3
36000	1
36500	5
37000	7
37500	5
38000	3
38500	1
39001	3
39500	6
40000	3
40500	7
41000	1
41500	6
42000	3
42500	6
43000	3
43500	6
44000	4
44500	9
45000	1
45500	4
46000	12
46500	4
47000	5
47500	3
48000	6
48500	5
49000	2
49500	1454
50000	5480
50500	7698
51000	7437
51500	7358
52000	7374
52500	7193
53000	6997
53500	6922
54000	6729
54500	6810
55000	6503
55500	6531
56000	6536
56500	6305
57000	6230
57500	6169
58000	6032
58500	5918
59000	5777
59500	5614
60000	5629
60500	5426
61000	5363
61500	5310
62000	5184
62500	5157
63000	5033
63500	4895
64000	4795
64500	4798
65000	4487
65500	4520
66000	4493
66500	4539
67000	4412
67500	4363
68000	4180
68500	4049
69000	4019
69500	3870
70000	3764
70500	3867
71000	3808
71500	3687
72000	3639
72500	3475
73000	3509
73500	3388
74000	3379
74500	3222
75000	3229
75500	3089
76000	3146
76500	3090
77000	2926
77500	2915
78000	2744
78500	2750
79000	2777
79500	2747
80000	2636
80500	2619
81000	2585
81500	2521
82000	2458
82500	2405
83000	2338
83500	2374
84000	2342
84500	2202
85000	2166
85500	2271
86000	2086
86500	2015
87000	2027
87500	1948
88000	1980
88500	1874
89000	1843
89500	1702
90000	1787
90500	1777
91000	1709
91500	1683
92000	1668
92500	1654
93000	1594
93500	1567
94000	1540
94500	1537
95000	1502
95500	1454
96000	1409
96500	1426
97000	1382
97500	1259
98000	1315
98500	1264
99000	1308
99500	1293
100000	1213
100500	1228
101000	1155
101500	1187
102000	1114
102500	1091
103000	1066
103500	1020
104000	991
104500	1030
105000	939
105500	947
106000	942
106500	934
107000	907
107500	930
108000	895
108500	884
109000	827
109500	778
110000	809
110500	823
111000	752
111500	742
112000	750
112500	729
113000	775
113500	672
114000	720
114500	670
115000	624
115500	660
116000	618
116500	634
117000	622
117500	583
118000	614
118500	573
119000	563
119500	546
120000	510
120500	536
121000	479
121500	514
122000	515
122500	474
123000	470
123500	478
124000	428
124500	430
125000	443
125500	458
126000	432
126500	402
127000	433
127500	417
128000	387
128500	368
129000	368
129500	366
130000	368
130500	358
131000	379
131500	335
132000	356
132500	337
133000	321
133500	322
134000	327
134500	291
135000	297
135500	292
136000	285
136500	294
137001	250
137500	262
138001	279
138500	268
139000	263
139500	241
140000	220
140500	199
141000	255
141500	220
142000	230
142500	214
143000	217
143501	231
144000	204
144500	204
145000	195
145501	210
146000	181
146500	171
147000	189
147500	165
148000	205
148500	188
149000	179
149500	183
150000	178
150500	163
151000	165
151500	140
152000	150
152500	144
153000	158
153500	148
154000	127
154500	146
155000	136
155500	129
156000	132
156500	121
157000	109
157500	124
158000	116
158500	104
159000	121
159500	104
160000	101
160500	115
161000	97
161500	105
162000	106
162500	106
163000	109
163500	102
164001	103
164500	109
165000	95
165500	97
166000	105
166500	94
167000	93
167500	95
168000	87
168500	73
169000	77
169500	69
170000	72
170500	74
171000	73
171500	70
172000	67
172500	88
173000	83
173500	63
174000	67
174500	61
175000	59
175500	51
176000	47
176500	56
177000	63
177500	53
178000	49
178500	57
179000	47
179500	48
180000	41
180500	61
181000	45
181500	49
182000	39
182500	54
183000	53
183500	37
184000	42
184500	66
185000	40
185500	38
186000	38
186500	39
187000	44
187500	31
188000	41
188500	28
189000	37
189500	38
190000	34
190500	28
191000	29
191500	32
192000	28
192500	32
193000	23
193500	33
194000	28
194500	30
195000	24
195500	29
196000	34
196500	22
197000	34
197500	34
198000	24
198500	26
199000	22
199500	17
200000	21
200500	24
201000	21
201500	21
202000	24
202500	16
203000	30
203500	9
204000	20
204500	26
205000	24
205502	28
206000	17
206500	13
207000	18
207500	24
208000	21
208500	25
209000	21
209500	17
210000	26
210500	24
211000	25
211500	17
212000	17
212500	19
213000	12
213500	18
214000	15
214500	20
215000	12
215500	16
216000	15
216500	16
217000	14
217500	13
218000	9
218500	9
219000	18
219500	15
220000	9
220500	8
221000	10
221500	7
222000	6
222500	15
223000	11
223500	15
224000	13
224500	14
225000	15
225500	6
226000	13
226500	15
227001	11
227500	8
228000	8
228500	10
229000	7
229500	10
230000	9
230500	11
231000	3
231500	12
232000	10
232500	11
233000	6
233500	8
234000	10
234500	11
235000	5
235500	12
236000	10
236500	7
237000	11
237500	8
238000	10
238500	8
239000	14
239500	3
240000	6
240500	5
241000	14
241500	5
242000	8
242500	5
243000	8
243500	8
244000	7
244500	6
245000	5
245500	8
246001	4
246500	8
247000	16
247500	5
248000	6
248500	4
249000	4
249500	3
250000	4
250500	10
251000	6
251500	7
252000	6
252500	5
253000	6
253500	5
254000	4
254500	7
255000	6
255500	10
256000	10
256500	7
257000	3
257500	8
258000	2
258500	3
259000	5
259500	5
260000	13
260500	5
261000	2
261500	6
262002	3
262500	8
263002	7
263500	8
264000	3
264500	4
265000	4
265500	5
266000	6
266500	1
267001	6
267500	5
268002	5
268500	4
269000	6
269500	2
270000	2
270500	6
271000	3
271500	6
272000	7
272500	6
273000	7
273500	4
274000	2
274500	5
275000	6
275500	3
276000	7
276500	7
277000	5
277502	1
278001	8
278500	6
279000	8
279500	2
280000	4
280500	7
281000	5
281500	6
282000	2
282500	3
283000	9
283500	5
284001	3
284500	5
285000	2
285501	8
286000	3
286500	3
287000	2
287500	5
288000	3
288500	2
289000	9
289500	5
290000	2
290500	3
291000	7
291500	2
292000	4
292500	1
293000	2
293500	5
294001	5
294500	3
295000	4
295500	5
296000	3
296500	3
297000	3
297500	1
298000	8
298500	5
299000	6
299501	2
300000	3
300500	3
301000	2
301500	3
302000	3
302500	6
303000	5
303500	7
304000	5
304500	3
305000	2
305500	3
306000	4
306500	3
307000	1
307500	4
308001	3
308500	3
309000	9
309500	4
310000	4
310500	5
311000	1
311500	2
312000	6
312500	5
313000	4
313500	3
314000	4
314500	3
315000	3
315500	3
316000	4
316500	3
317000	2
317500	4
318000	2
318500	5
319000	3
319500	6
320000	6
320500	6
321000	4
321500	6
322000	8
322500	4
323000	1
323500	4
324000	4
324500	5
325000	3
325500	3
326000	3
326501	2
327000	6
327500	5
328000	2
328500	4
329000	4
329500	7
330000	1
330500	2
331000	6
331501	3
332000	5
332500	4
333001	3
333500	5
334000	2
334500	1
335000	2
335500	6
336000	2
336500	4
337000	4
337500	5
338000	6
338501	3
339000	2
339500	1
340000	6
340500	2
341000	5
341500	4
342000	2
342500	2
343000	1
343500	5
344000	2
344500	4
345000	3
345500	2
346000	1
346500	2
347000	2
347500	3
348000	3
348500	2
349000	8
349500	5
350000	4
350500	1
351000	4
351500	8
352000	2
352500	3
353000	1
353501	3
354000	3
354500	1
355000	6
355500	8
356000	5
356500	3
357000	4
357500	7
358000	0
358500	7
359000	8
359500	1
360000	0
360500	5
361000	1
361500	5
362001	4
362500	5
363000	2
363500	1
364000	6
364500	4
365000	3
365500	3
366000	2
366500	1
367000	3
367500	3
368000	2
368500	3
369000	4
369500	2
370000	3
370500	4
371000	3
371500	6
372000	3
372500	7
373000	8
373500	2
374000	2
374500	6
375000	6
375500	5
376000	4
376500	4
377000	1
377500	2
378000	3
378500	3
379000	0
379500	5
380000	3
380500	6
381000	2
381500	9
382000	2
382500	2
383000	6
383500	1
384000	1
384500	1
385001	7
385500	0
386000	1
386500	4
387000	3
387500	3
388001	6
388500	7
389000	1
389500	5
390001	7
390500	4
391000	2
391500	2
392000	3
392500	4
393000	2
393500	2
394000	2
394500	4
395000	3
395500	5
396000	6
396500	3
397000	6
397500	7
398000	3
398500	5
399000	5
399501	3
400000	2
400500	2
401000	5
401500	7
402001	1
402500	4
403000	4
403500	3
404000	1
404500	4
405000	6
405500	2
406000	5
406500	0
407000	4
407500	3
408000	5
408500	5
409000	3
409500	3
410000	2
410500	3
411000	4
411500	4
412000	7
412500	2
413000	3
413500	5
414000	5
414500	4
415000	2
415500	2
416000	3
416500	6
417000	6
417500	1
418000	2
418500	4
419000	4
419500	2
420000	2
420500	4
421001	3
421500	2
422000	1
422500	3
423000	7
423500	8
424000	7
424500	4
425000	2
425500	3
426000	3
426500	4
427000	1
427500	4
428000	7
428500	4
429000	4
429500	3
430000	5
430500	3
431001	1
431500	2
432000	6
432500	3
433000	5
433500	5
434000	4
434500	6
435000	2
435500	2
436000	7
436500	3
437000	4
437500	2
438000	5
438500	1
439000	2
439500	2
440000	5
440500	2
441000	5
441500	0
442000	2
442500	4
443000	1
443500	2
444000	7
444500	2
445000	2
445500	1
446000	5
446500	4
447000	6
447500	2
448000	2
448500	6
449000	3
449500	3
450000	4
450500	2
451000	3
451500	3
452000	3
452500	2
453000	8
453500	6
454000	2
454500	4
455000	5
455500	4
456000	3
456501	3
457000	2
457500	5
458000	3
458500	4
459000	4
459500	2
460001	2
460500	4
461000	8
461500	2
462000	3
462500	5
463000	1
463500	3
464000	2
464500	4
465000	1
465500	2
466000	3
466501	4
467000	2
467500	2
468000	2
468500	4
469000	4
469500	2
470000	4
470500	6
471000	6
471500	4
472000	3
472500	3
473000	2
473500	4
474000	3
474500	1
475000	3
475500	3
476000	8
476500	5
477000	4
477500	4
478000	3
478500	1
479000	2
479500	5
480000	0
480500	5
481000	3
481500	1
482000	3
482500	4
483000	3
483500	4
484000	4
484500	2
485000	3
485501	5
486000	4
486500	6
487000	5
487500	5
488000	3
488500	1
489001	2
489500	4
490000	3
490500	2
491000	3
491500	2
492000	5
492501	7
493000	2
493501	7
494001	4
494501	3
495000	2
495500	3
496000	2
496500	6
497000	0
497500	5
498000	4
498500	3
499000	4
499500	6
500000	2
500500	3
501000	4
501500	5
502000	4
502500	4
503000	3
503500	5
504000	2
504500	5
505000	3
505500	4
506000	1
506500	7
507000	0
507500	4
508000	4
508500	4
509000	1
509500	1
510000	7
510500	4
511000	0
511500	4
512000	2
512500	3
513000	4
513500	0
514000	6
514500	2
515000	1
515500	1
516000	4
516500	3
517000	3
517500	5
518000	5
518500	5
519000	5
519500	1
520000	1
520500	3
521000	2
521500	3
522000	1
522500	4
523000	4
523500	4
524001	3
524500	3
525000	2
525500	7
526000	5
526500	2
527000	3
527500	6
528000	3
528500	4
529000	4
529500	6
530000	9
530500	3
531000	5
531500	4
532000	4
532500	0
533000	3
533500	2
534000	3
534500	4
535000	0
535500	1
536000	4
536500	2
537000	4
537500	1
538000	3
538500	2
539000	3
539500	2
540000	1
540500	7
541000	2
541500	2
542000	6
542501	3
543000	7
543500	2
544000	6
544500	5
545000	4
545500	12
546000	4
546500	3
547000	4
547500	7
548000	4
548500	4
549000	3
549500	6
550001	4
550500	2
551000	2
551500	3
552000	2
552500	2
553000	1
553500	4
554000	2
554500	5
555000	4
555500	2
556001	2
556500	4
557000	1
557500	4
558000	5
558500	4
559000	3
559500	2
560000	3
560500	5
561000	4
561500	4
562000	4
562500	4
563001	3
563502	4
564000	7
564500	6
565000	1
565500	1
566000	3
566500	3
567000	3
567500	1
568001	7
568500	5
569000	4
569500	2
570001	5
570500	4
571000	2
571500	5
572000	2
572500	5
573000	2
573500	2
574000	2
574500	4
575000	4
575500	4
576001	2
576500	5
577000	2
577500	6
578000	5
578501	1
579000	6
579500	1
580000	3
580500	2
581000	4
581500	3
582000	3
582500	5
583000	2
583500	4
584000	3
584500	4
585000	4
585500	2
586000	2
586500	3
587000	4
587500	5
588000	3
588502	3
589000	5
589500	1
590000	6
590500	3
591000	7
591500	1
592000	1
592500	2
593002	3
593502	6
594000	2
594500	1
595000	6
595500	0
596000	2
596500	6
597000	4
597500	1
598000	1
598500	3
599000	2
599500	1
600000	3
600500	2
601000	3
601500	5
602000	4
602500	5
603000	3
603500	4
604000	3
604500	6
605000	4
605500	2
606000	4
606500	4
607000	2
607500	5
608000	2
608500	6
609000	3
609500	3
610000	3
610500	1
611000	4
611500	4
612000	3
612500	4
613000	3
613500	2
614000	2
614500	2
615001	5
615500	6
616000	3
616500	3
617000	3
617500	4
618000	4
618500	9
619000	3
619500	2
620000	2
620500	2
621000	3
621500	2
622000	3
622500	4
623000	4
623500	2
624000	5
624500	6
625000	4
625500	6
626000	6
626501	3
627000	1
627500	3
628000	4
628500	4
629000	3
629500	5
630000	3
630500	3
631000	6
631500	3
632000	8
632500	3
633000	7
633500	4
634000	3
634500	4
635000	2
635500	5
636000	2
636500	3
637000	4
637500	5
638000	0
638500	2
639000	1
639500	6
640000	8
640500	4
641000	1
641500	2
642000	5
642500	0
643000	5
643500	1
644000	4
644500	6
645000	4
645500	1
646000	2
646500	7
647000	3
647500	2
648000	4
648500	3
649000	3
649500	0
650000	1
650500	3
651000	4
651500	2
652002	4
652500	3
653000	4
653500	0
654000	2
654500	4
655000	1
655500	3
656000	3
656500	4
657000	4
657500	3
658000	5
658500	3
659000	5
659500	3
660000	5
660500	3
661000	4
661500	3
662000	4
662500	5
663000	2
663500	4
664000	2
664500	6
665000	3
665500	6
666000	6
666500	5
667000	7
667500	2
668000	3
668500	6
669000	4
669500	1
670000	5
670500	4
671000	2
671500	6
672000	5
672500	3
673000	1
673500	6
674000	5
674500	3
675000	3
675500	7
676000	1
676500	4
677000	1
677500	4
678000	2
678500	4
679000	2
679500	0
680000	3
680500	1
681000	1
681500	5
682000	3
682500	4
683000	9
683500	3
684000	4
684500	5
685000	7
685500	6
686000	1
686500	6
687000	3
687500	5
688000	3
688500	0
689000	4
689500	2
690000	5
690500	5
691000	5
691500	3
692000	7
692500	4
693000	3
693500	2
694000	1
694500	2
695000	0
695500	2
696000	5
696500	0
697000	3
697500	6
698000	1
698500	0
699000	4
699500	3
700000	7
700500	2
701000	2
701500	5
702000	1
702500	0
703000	5
703501	2
704001	5
704500	2
705000	3
705500	4
706000	3
706500	4
707000	6
707500	5
708000	6
708500	5
709000	4
709500	1
710000	3
710500	1
711000	4
711500	1
712000	3
712500	1
713000	3
713500	4
714000	7
714500	1
715000	4
715500	6
716000	3
716500	4
717000	1
717500	5
718000	3
718500	0
719000	4
719500	5
720000	4
720500	6
721000	4
721500	5
722000	6
722500	1
723000	3
723500	5
724000	5
724500	4
725000	3
725500	3
726000	5
726500	5
727000	6
727500	5
728000	2
728501	1
729000	2
729500	4
730000	6
730500	4
731000	2
731500	9
732000	5
732500	2
733000	2
733500	1
734000	3
734500	2
735000	3
735500	2
736000	4
736500	1
737000	2
737500	2
738000	9
738500	3
739001	6
739500	3
740000	3
740500	6
741000	0
741500	1
742001	5
742500	2
743000	6
743500	2
744000	3
744500	1
745000	3
745500	5
746000	4
746500	4
747000	6
747500	2
748000	6
748500	0
749000	6
749500	3
750000	2
750500	3
751000	1
751500	7
752000	0
752500	4
753000	4
753500	2
754000	2
754500	5
755000	3
755500	4
756000	5
756500	3
757000	3
757500	3
758000	2
758500	2
759001	1
759500	5
760000	2
760500	3
761000	1
761500	3
762000	8
762500	5
763000	8
763500	2
764000	5
764500	4
765000	5
765500	5
766000	4
766500	2
767000	1
767500	5
768000	3
768500	4
769000	2
769500	2
770000	4
770500	4
771000	3
771500	3
772000	2
772500	1
773000	2
773500	4
774000	2
774500	3
775000	1
775500	4
776000	1
776500	4
777000	5
777501	3
778000	5
778500	3
779000	7
779500	3
780000	5
780500	6
781000	4
781500	6
782000	2
782500	2
783000	5
783500	4
784000	0
784500	4
785000	2
785500	7
786000	4
786500	5
787000	3
787500	2
788000	5
788500	2
789000	3
789500	4
790000	7
790500	8
791000	4
791500	4
792001	3
792500	2
793000	4
793500	1
794001	5
794500	5
795000	5
795500	2
796000	1
796500	3
797000	4
797500	7
798000	5
798500	3
799000	3
799500	5
800000	3
800500	2
801000	2
801500	6
802000	3
802500	3
803000	5
803500	6
804000	3
804500	3
805000	2
805500	1
806000	3
806500	5
807000	4
807500	3
808001	3
808500	3
809000	4
809500	0
810000	3
810500	5
811000	3
811500	6
812000	2
812500	6
813000	2
813500	8
814000	4
814500	1
815000	1
815500	0
816000	3
816500	5
817000	3
817500	2
818000	5
818500	3
819000	4
819500	2
820000	3
820500	0
821000	1
821500	5
822000	8
822500	1
823000	3
823500	5
824000	5
824500	3
825000	3
825501	4
826000	0
826500	1
827000	4
827500	4
828000	1
828500	2
829000	3
829500	3
830000	1
830500	1
831000	2
831500	4
832000	3
832500	5
833000	5
833500	3
834000	4
834500	3
835000	1
835500	3
836000	3
836500	3
837000	3
837500	6
838000	5
838500	9
839000	4
839500	5
840000	2
840500	4
841000	4
841501	1
842000	1
842500	7
843000	3
843500	4
844001	4
844500	4
845001	2
845500	0
846002	3
846500	5
847000	2
847500	5
848000	4
848500	6
849000	3
849500	4
850000	3
850500	6
851000	2
851500	1
852000	5
852500	3
853000	5
853500	5
854000	1
854500	5
855000	2
855500	5
856000	4
856500	1
857000	3
857500	3
858000	1
858500	5
859000	8
859500	0
860001	4
860500	4
861000	6
861500	3
862001	2
862500	5
863000	7
863500	3
864000	4
864500	3
865000	3
865500	5
866000	5
866500	5
867000	5
867500	1
868000	6
868500	3
869000	4
869500	7
870000	3
870500	3
871000	4
871500	1
872000	2
872500	2
873000	4
873500	5
874000	6
874500	4
875000	5
875500	4
876000	4
876500	5
877000	3
877500	4
878000	1
878501	4
879000	2
879500	7
880000	6
880500	5
881000	1
881500	2
882000	8
882500	5
883000	4
883500	5
884000	3
884500	3
885000	8
885500	1
886000	5
886500	4
887000	3
887500	5
888000	2
888500	6
889000	7
889500	4
890000	5
890500	2
891000	5
891500	3
892001	3
892500	5
893000	5
893500	3
894001	2
894500	3
895000	5
895500	8
896000	1
896500	5
897000	1
897500	8
898000	5
898500	7
899000	4
899500	6
900000	4
900500	2
901000	2
901500	5
902000	1
902500	1
903000	4
903500	5
904000	1
904500	3
905000	2
905500	2
906000	6
906500	6
907000	2
907500	1
908000	5
908500	4
909000	3
909500	3
910000	2
910500	1
911000	3
911500	1
912000	0
912500	1
913000	6
913500	1
914000	3
914500	2
915000	4
915500	4
916000	1
916500	7
917000	2
917500	3
918000	4
918500	7
919000	3
919500	3
920000	4
920501	3
921000	2
921500	3
922000	3
922500	5
923000	5
923500	4
924000	7
924500	4
925000	3
925500	3
926000	4
926500	4
927000	3
927500	2
928000	1
928500	4
929000	1
929500	4
930000	4
930500	4
931000	2
931500	4
932000	5
932500	2
933000	3
933500	3
934000	4
934500	5
935000	5
935500	2
936000	2
936501	2
937000	2
937500	9
938000	3
938501	5
939000	5
939500	3
940000	3
940500	2
941000	3
941500	2
942000	1
942500	2
943000	3
943500	5
944000	3
944500	3
945000	4
945500	1
946000	1
946500	6
947000	2
947500	4
948000	3
948500	3
949000	2
949500	7
950000	3
950500	5
951000	4
951500	1
952000	6
952500	6
953000	1
953500	6
954000	3
954500	2
955000	5
955500	1
956000	4
956500	5
957000	1
957500	2
958001	3
958500	2
959000	7
959500	4
960000	7
960500	4
961000	4
961500	5
962000	4
962500	4
963001	5
963500	5
964000	3
964500	5
965000	3
965502	4
966000	2
966500	2
967000	2
967500	4
968000	1
968501	7
969000	4
969500	4
970000	3
970500	3
971000	5
971500	2
972000	2
972500	4
973000	6
973502	4
974000	2
974500	1
975000	8
975500	3
976000	6
976500	4
977000	2
977500	7
978000	1
978500	8
979000	7
979500	3
980000	6
980500	4
981000	5
981500	1
982000	1
982500	1
983000	3
983500	2
984000	2
984500	5
985000	2
985500	3
986000	5
986500	4
987000	3
987500	4
988000	0
988501	3
989000	4
989500	3
990000	5
990500	2
991000	5
991500	2
992000	4
992500	4
993001	1
993500	1
994000	3
994500	3
995000	3
995500	3
996000	3
996500	4
997000	4
997500	5
998000	3
998500	4
999000	4
999500	4
1000000	3
1000500	5
1001000	1
1001500	4
1002000	3
1002500	2
1003000	1
1003500	4
1004000	3
1004500	5
1005000	1
1005500	2
1006000	9
1006500	2
1007000	1
1007500	5
1008000	3
1008500	4
1009000	4
1009500	3
1010000	5
1010500	6
1011000	4
1011500	4
1012000	0
1012500	4
1013000	1
1013500	5
1014000	0
1014500	7
1015000	6
1015500	4
1016000	5
1016500	0
1017000	5
1017500	1
1018000	1
1018500	7
1019000	6
1019500	2
1020000	7
1020501	5
1021000	2
1021500	3
1022000	4
1022500	4
1023000	7
1023500	0
1024000	2
1024500	4
1025000	1
1025500	3
1026000	5
1026500	8
1027000	3
1027500	6
1028001	5
1028500	1
1029000	2
1029500	4
1030000	5
1030500	7
1031000	1
1031500	2
1032000	5
1032500	4
1033000	4
1033502	2
1034000	4
1034500	4
1035000	2
1035500	3
1036000	5
1036500	2
1037000	2
1037500	2
1038000	3
1038500	4
1039000	5
1039500	5
1040000	6
1040500	0
1041000	1
1041500	1
1042000	2
1042500	5
1043000	4
1043500	4
1044000	3
1044500	4
1045000	5
1045500	3
1046000	4
1046500	5
1047000	4
1047500	2
1048000	6
1048501	3
1049000	3
1049500	4
1050000	2
1050500	0
1051000	5
1051500	3
1052000	4
1052500	0
1053000	6
1053500	5
1054000	4
1054500	1
1055000	4
1055500	8
1056001	4
1056500	4
1057000	2
1057501	1
1058000	5
1058500	4
1059000	6
1059500	3
1060000	2
1060500	4
1061000	1
1061500	3
1062000	0
1062500	3
1063000	2
1063500	3
1064000	6
1064500	5
1065000	4
1065500	3
1066000	2
1066500	2
1067000	2
1067500	3
1068000	3
1068500	3
1069000	6
1069500	4
1070000	5
1070500	6
1071000	3
1071500	3
1072000	3
1072500	3
1073000	6
1073500	2
1074000	5
1074500	4
1075000	4
1075500	2
1076000	4
1076500	4
1077000	4
1077500	5
1078000	4
1078500	2
1079000	4
1079500	3
1080000	3
1080500	3
1081000	5
1081500	1
1082000	4
1082500	4
1083000	2
1083500	4
1084000	3
1084500	0
1085000	5
1085500	4
1086000	2
1086500	0
1087000	5
1087500	1
1088000	1
1088501	5
1089000	6
1089500	2
1090000	4
1090500	2
1091000	4
1091500	2
1092000	3
1092501	3
1093000	3
1093500	3
1094000	3
1094500	4
1095000	4
1095500	5
1096000	2
1096500	3
1097000	5
1097500	2
1098000	2
1098500	0
1099000	4
1099500	3
1100000	3
1100500	2
1101000	3
1101500	5
1102000	4
1102500	4
1103000	2
1103500	1
1104000	2
1104500	4
1105001	1
1105500	4
1106000	4
1106500	4
1107000	1
1107500	3
1108000	4
1108500	3
1109000	2
1109500	4
1110000	3
1110500	3
1111000	4
1111501	1
1112000	6
1112500	6
1113000	4
1113500	5
1114000	4
1114500	4
1115000	7
1115500	3
1116000	4
1116500	2
1117000	5
1117500	6
1118002	2
1118500	1
1119000	3
1119501	2
1120000	4
1120501	4
1121000	3
1121503	3
1122000	3
1122500	5
1123000	4
1123500	1
1124000	5
1124501	4
1125000	3
1125500	6
1126001	3
1126500	2
1127000	4
1127500	2
1128000	3
1128500	7
1129000	3
1129500	1
1130000	2
1130500	4
1131000	4
1131500	5
1132000	4
1132501	2
1133000	2
1133500	3
1134000	3
1134500	1
1135001	2
1135500	4
1136001	4
1136501	5
1137001	2
1137500	3
1138000	2
1138500	4
1139000	2
1139500	2
1140000	2
1140500	6
1141000	5
1141500	4
1142000	2
1142500	4
1143000	3
1143500	2
1144000	4
1144500	3
1145000	4
1145500	2
1146000	3
1146500	3
1147000	4
1147500	6
1148000	5
1148500	4
1149000	0
1149500	3
1150000	4
1150500	4
1151000	3
1151500	3
1152000	4
1152500	0
1153000	4
1153500	2
1154000	4
1154500	5
1155001	4
1155500	7
1156000	2
1156500	1
1157000	7
1157500	3
1158000	2
1158500	5
1159000	4
1159500	5
1160000	6
1160500	5
1161000	3
1161501	0
1162000	4
1162500	6
1163000	4
1163500	4
1164000	5
1164500	4
1165000	3
1165500	3
1166000	4
1166500	5
1167000	4
1167500	4
1168000	4
1168500	3
1169000	5
1169500	3
1170000	3
1170500	5
1171000	4
1171500	2
1172000	5
1172500	6
1173000	3
1173500	5
1174000	5
1174500	6
1175001	2
1175500	4
1176000	5
1176500	0
1177000	0
1177500	1
1178000	2
1178500	2
1179000	1
1179500	4
1180000	5
1180500	4
1181000	5
1181500	2
1182000	2
1182500	7
1183000	1
1183500	3
1184000	3
1184500	4
1185000	3
1185500	2
1186000	7
1186500	6
1187000	2
1187500	2
1188001	1
1188500	4
1189000	3
1189500	1
1190000	2
1190500	4
1191000	3
1191500	3
1192000	8
1192500	5
1193000	2
1193500	2
1194000	6
1194500	1
1195000	2
1195500	0
1196000	5
1196500	5
1197000	2
1197500	2
1198000	2
1198503	2
1199000	1
1199500	5
1200000	4
1200500	8
1201000	3
1201500	3
1202000	3
1202500	2
1203000	2
1203500	2
1204000	7
1204500	1
1205000	2
1205500	2
1206000	2
1206500	6
1207000	3
1207500	1
1208000	4
1208500	8
1209000	4
1209500	4
1210000	3
1210500	1
1211000	0
1211500	5
1212000	4
1212500	5
1213001	3
1213500	4
1214001	4
1214500	4
1215000	5
1215500	3
1216000	2
1216500	3
1217000	1
1217500	3
1218000	2
1218500	2
1219000	4
1219500	4
1220001	6
1220500	1
1221000	3
1221500	3
1222000	5
1222500	5
1223000	1
1223500	5
1224000	2
1224500	5
1225000	5
1225500	4
1226000	4
1226500	6
1227001	7
1227500	4
1228000	2
1228500	1
1229000	2
1229500	3
1230000	2
1230500	4
1231000	9
1231500	2
1232000	1
1232500	6
1233000	3
1233500	1
1234000	2
1234500	7
1235000	7
1235500	6
1236000	7
1236500	2
1237000	3
1237500	5
1238000	2
1238500	2
1239000	3
1239500	6
1240000	5
1240500	3
1241000	7
1241500	3
1242000	4
1242500	4
1243000	4
1243500	3
1244000	5
1244500	7
1245000	2
1245500	4
1246000	4
1246500	2
1247000	5
1247500	4
1248000	6
1248500	2
1249000	4
1249500	3
1250000	3
1250500	6
1251000	4
1251500	3
1252000	4
1252500	2
1253000	1
1253500	1
1254000	3
1254500	3
1255000	3
1255500	5
1256000	4
1256500	0
1257000	3
1257500	5
1258000	3
1258500	7
1259000	4
1259500	1
1260000	3
1260500	2
1261000	6
1261500	5
1262000	7
1262500	5
1263000	4
1263500	3
1264000	8
1264500	1
1265000	0
1265500	7
1266000	4
1266500	5
1267000	1
1267500	1
1268000	3
1268500	2
1269000	5
1269500	6
1270000	2
1270500	3
1271000	7
1271500	3
1272001	6
1272500	7
1273000	8
1273500	3
1274000	5
1274500	4
1275000	3
1275500	5
1276000	8
1276500	5
1277000	1
1277500	2
1278000	4
1278500	3
1279000	2
1279500	0
1280000	5
1280500	5
1281000	4
1281502	2
1282001	2
1282500	6
1283000	4
1283500	1
1284000	2
1284500	4
1285000	4
1285501	4
1286000	3
1286500	7
1287000	7
1287500	2
1288000	4
1288500	1
1289000	1
1289500	3
1290000	7
1290500	1
1291000	2
1291501	4
1292000	5
1292501	0
1293000	6
1293500	3
1294000	6
1294500	5
1295000	5
1295500	4
1296000	3
1296500	2
1297000	2
1297500	6
1298000	6
1298500	3
1299000	2
1299500	4
1300000	6
1300500	5
1301000	1
1301500	4
1302000	4
1302500	7
1303000	8
1303500	3
1304000	4
1304500	3
1305000	3
1305500	5
1306000	4
1306500	3
1307000	0
1307500	6
1308000	6
1308501	5
1309000	2
1309500	1
1310000	4
1310500	2
1311000	2
1311500	9
1312000	4
1312500	2
1313001	4
1313500	3
1314000	6
1314500	0
1315000	6
1315500	8
1316000	10
1316500	5
1317000	5
1317500	2
1318000	1
1318500	4
1319000	0
1319500	4
1320000	4
1320501	4
1321000	6
1321500	2
1322000	3
1322500	3
1323000	4
1323500	4
1324000	1
1324500	6
1325000	1
1325500	6
1326000	3
1326500	1
1327000	4
1327500	1
1328000	3
1328500	7
1329000	4
1329500	7
1330002	2
1330500	4
1331000	4
1331500	5
1332000	1
1332500	3
1333000	5
1333500	3
1334000	3
1334500	4
1335000	2
1335500	5
1336000	2
1336500	6
1337000	3
1337500	1
1338000	3
1338500	2
1339000	9
1339500	1
1340000	8
1340500	5
1341000	4
1341500	5
1342000	5
1342500	2
1343000	5
1343500	6
1344000	6
1344500	4
1345000	1
1345500	0
1346000	4
1346500	5
1347000	4
1347500	2
1348000	6
1348500	4
1349000	1
1349500	4
1350000	4
1350500	1
1351000	3
1351500	4
1352000	5
1352500	4
1353001	5
1353500	3
1354000	5
1354500	1
1355000	2
1355500	1
1356000	4
1356500	3
1357000	2
1357500	3
1358000	2
1358500	2
1359000	4
1359500	1
1360000	4
1360500	0
1361000	3
1361500	4
1362000	3
1362500	5
1363000	2
1363500	4
1364000	3
1364500	3
1365000	4
1365500	3
1366000	0
1366500	3
1367000	6
1367500	3
1368000	5
1368500	4
1369000	4
1369500	2
1370000	3
1370500	5
1371001	5
1371500	5
1372000	3
1372500	2
1373000	6
1373500	5
1374000	4
1374500	0
1375000	2
1375500	3
1376000	2
1376500	6
1377000	4
1377500	2
1378000	3
1378500	5
1379000	4
1379501	4
1380000	3
1380500	4
1381000	3
1381500	1
1382000	7
1382500	4
1383000	3
1383500	2
1384000	6
1384500	4
1385000	2
1385500	6
1386000	2
1386500	3
1387000	0
1387500	5
1388000	5
1388500	1
1389000	3
1389500	2
1390000	5
1390500	5
1391000	2
1391500	5
1392000	9
1392500	8
1393000	6
1393500	3
1394000	10
1394500	0
1395000	3
1395500	2
1396000	2
1396500	5
1397000	6
1397500	1
1398000	5
1398500	2
1399000	2
1399500	3
1400000	3
1400500	4
1401000	2
1401500	2
1402000	1
1402500	1
1403000	1
1403500	4
1404000	4
1404500	3
1405000	2
1405500	3
1406000	0
1406500	5
1407000	3
1407500	1
1408000	3
1408500	1
1409000	4
1409500	4
1410000	6
1410500	3
1411000	6
1411500	4
1412000	2
1412500	4
1413000	1
1413500	5
1414000	1
1414500	6
1415000	1
1415500	4
1416000	2
1416500	2
1417000	4
1417500	2
1418000	2
1418500	4
1419000	2
1419500	2
1420000	0
1420500	3
1421000	4
1421500	4
1422000	3
1422500	4
1423000	8
1423500	5
1424000	0
1424500	3
1425000	5
1425500	8
1426000	2
1426500	1
1427000	3
1427500	8
1428000	6
1428500	4
1429000	8
1429500	4
1430000	4
1430500	2
1431000	3
1431500	6
1432000	6
1432501	5
1433000	6
1433500	6
1434000	3
1434500	8
1435000	1
1435500	3
1436000	5
1436500	3
1437000	1
1437500	3
1438000	3
1438500	7
1439000	4
1439500	3
1440000	5
1440500	6
1441000	4
1441500	4
1442000	2
1442500	3
1443001	1
1443500	0
1444000	3
1444500	2
1445000	4
1445500	2
1446000	4
1446500	1
1447000	2
1447500	2
1448000	2
1448501	3
1449000	6
1449500	4
1450000	1
1450500	2
1451000	5
1451500	2
1452000	3
1452500	4
1453000	2
1453500	3
1454000	5
1454500	3
1455000	3
1455500	6
1456000	8
1456500	4
1457000	9
1457500	2
1458000	6
1458500	4
1459000	6
1459500	4
1460000	4
1460500	4
1461000	3
1461500	2
1462000	2
1462500	4
1463000	4
1463500	1
1464000	1
1464500	2
1465000	7
1465501	7
1466000	5
1466500	2
1467000	3
1467500	4
1468000	3
1468500	4
1469000	2
1469500	2
1470000	3
1470500	5
1471000	7
1471500	3
1472000	2
1472500	2
1473000	3
1473500	3
1474000	5
1474500	5
1475000	5
1475500	2
1476000	2
1476500	4
1477000	1
1477500	2
1478000	4
1478501	3
1479000	3
1479500	6
1480000	2
1480500	1
1481000	2
1481500	2
1482000	12
1482500	6
1483000	4
1483500	4
1484000	4
1484500	4
1485000	2
1485500	5
1486000	4
1486500	4
1487000	6
1487500	2
1488000	1
1488500	1
1489000	6
1489500	3
1490000	2
1490500	3
1491000	4
1491500	3
1492000	4
1492500	2
1493000	5
1493500	3
1494000	5
1494500	2
1495001	4
1495500	4
1496000	3
1496500	2
1497000	5
1497500	4
1498000	0
1498500	6
1499000	4
1499500	1
1500000	3
1500500	2
1501000	2
1501500	8
1502000	1
1502500	3
1503000	2
1503500	4
1504000	1
1504500	4
1505000	2
1505500	5
1506000	7
1506500	1
1507000	4
1507500	3
1508000	2
1508500	5
1509000	5
1509500	5
1510000	3
1510500	3
1511000	2
1511500	4
1512000	6
1512500	6
1513000	2
1513500	4
1514000	7
1514500	2
1515000	3
1515500	6
1516000	3
1516500	2
1517000	0
1517500	3
1518000	3
1518500	6
1519000	2
1519500	3
1520000	3
1520500	3
1521000	1
1521500	8
1522000	3
1522500	2
1523000	6
1523500	4
1524000	4
1524500	3
1525000	4
1525500	5
1526000	2
1526500	3
1527000	2
1527500	2
1528000	3
1528500	4
1529000	2
1529501	3
1530000	4
1530500	1
1531001	3
1531500	3
1532000	3
1532500	4
1533000	1
1533500	2
1534000	1
1534500	4
1535000	7
1535500	4
1536002	5
1536500	3
1537000	3
1537500	6
1538000	2
1538500	2
1539001	5
1539500	1
1540000	2
1540500	4
1541000	2
1541500	5
1542000	2
1542500	4
1543000	2
1543500	4
1544000	6
1544500	8
1545000	7
1545500	4
1546000	3
1546500	4
1547000	3
1547500	4
1548000	6
1548500	6
1549000	1
1549500	2
1550000	2
1550500	6
1551000	4
1551500	2
1552000	2
1552501	3
1553000	2
1553500	2
1554000	2
1554500	1
1555000	5
1555500	1
1556000	4
1556500	4
1557000	4
1557500	2
1558000	0
1558500	3
1559000	4
1559500	4
1560000	5
1560500	5
1561000	3
1561500	4
1562000	4
1562500	4
1563000	3
1563500	5
1564000	1
1564500	1
1565000	2
1565500	2
1566000	6
1566500	3
1567000	6
1567500	3
1568000	3
1568500	3
1569000	3
1569501	3
1570000	6
1570500	1
1571000	4
1571500	3
1572000	1
1572501	2
1573000	2
1573500	4
1574000	3
1574500	0
1575000	4
1575500	1
1576001	2
1576500	1
1577000	3
1577500	4
1578000	5
1578500	3
1579000	3
1579500	3
1580000	6
1580500	5
1581000	4
1581500	1
1582000	5
1582500	4
1583001	6
1583500	3
1584000	5
1584500	4
1585000	2
1585500	3
1586000	5
1586500	4
1587000	4
1587500	1
1588000	5
1588500	3
1589000	1
1589500	3
1590000	3
1590500	2
1591000	3
1591500	6
1592000	6
1592501	3
1593000	1
1593500	3
1594000	3
1594500	1
1595000	3
1595500	3
1596000	3
1596500	2
1597000	3
1597501	3
1598000	5
1598500	3
1599000	2
1599500	4
1600000	4
1600501	7
1601000	4
1601500	4
1602000	5
1602500	2
1603000	5
1603500	4
1604000	2
1604500	3
1605000	4
1605500	6
1606000	4
1606500	3
1607000	2
1607500	3
1608000	4
1608500	2
1609000	2
1609500	6
1610000	4
1610500	5
1611000	4
1611500	4
1612000	3
1612500	2
1613000	4
1613500	6
1614000	4
1614500	1
1615000	0
1615500	0
1616000	3
1616500	3
1617000	7
1617501	4
1618000	1
1618500	5
1619000	2
1619500	3
1620000	2
1620500	5
1621000	7
1621500	4
1622000	0
1622500	4
1623000	5
1623500	3
1624000	1
1624500	1
1625000	2
1625500	0
1626000	3
1626500	2
1627000	0
1627500	7
1628000	7
1628500	5
1629000	4
1629500	4
1630000	3
1630501	3
1631000	3
1631500	0
1632000	2
1632500	3
1633000	5
1633500	7
1634000	5
1634500	1
1635000	5
1635500	1
1636000	2
1636501	5
1637000	3
1637500	3
1638000	6
1638500	2
1639000	3
1639500	6
1640000	4
1640500	2
1641000	2
1641500	3
1642000	2
1642500	2
1643000	1
1643500	0
1644000	3
1644500	3
1645000	1
1645500	4
1646000	4
1646500	3
1647000	2
1647500	3
1648000	5
1648500	3
1649000	3
1649500	4
1650000	1
1650500	3
1651000	2
1651500	3
1652000	3
1652500	3
1653000	4
1653500	3
1654000	2
1654500	6
1655000	6
1655500	5
1656000	5
1656500	5
1657000	2
1657500	2
1658000	2
1658500	4
1659000	5
1659500	4
1660000	4
1660500	5
1661000	5
1661500	1
1662000	1
1662500	1
1663000	5
1663500	1
1664000	6
1664500	2
1665000	0
1665500	4
1666000	2
1666500	4
1667000	5
1667500	3
1668000	3
1668500	7
1669000	4
1669500	3
1670000	3
1670500	2
1671000	4
1671500	3
1672000	2
1672500	3
1673000	3
1673500	2
1674000	2
1674500	4
1675000	4
1675500	3
1676000	2
1676500	3
1677000	4
1677500	5
1678000	6
1678500	3
1679000	7
1679500	6
1680000	2
1680500	3
1681000	4
1681500	5
1682000	4
1682500	4
1683000	1
1683500	3
1684000	2
1684500	0
1685000	3
1685501	2
1686000	2
1686500	3
1687000	2
1687500	5
1688000	3
1688500	3
1689000	4
1689500	2
1690000	3
1690500	5
1691000	4
1691500	2
1692000	4
1692500	4
1693000	2
1693500	2
1694000	5
1694500	2
1695000	3
1695500	9
1696000	2
1696500	2
1697000	4
1697500	2
1698000	5
1698500	7
1699000	2
1699500	4
1700000	6
1700500	5
1701000	8
1701500	4
1702001	5
1702500	5
1703000	6
1703500	2
1704000	4
1704500	3
1705001	3
1705501	2
1706000	2
1706500	10
1707000	3
1707500	4
1708000	7
1708500	4
1709000	4
1709500	4
1710000	2
1710500	3
1711000	1
1711500	6
1712000	3
1712500	2
1713000	6
1713501	4
1714000	3
1714500	2
1715000	3
1715500	4
1716000	5
1716500	6
1717000	2
1717501	9
1718000	5
1718500	4
1719000	4
1719500	3
1720000	3
1720500	1
1721000	5
1721500	2
1722000	3
1722500	1
1723000	4
1723500	5
1724000	4
1724500	1
1725000	3
1725500	5
1726000	3
1726500	4
1727000	1
1727500	4
1728000	1
1728500	7
1729000	4
1729500	4
1730000	9
1730501	4
1731000	4
1731502	6
1732000	1
1732500	2
1733000	2
1733500	3
1734000	4
1734500	4
1735000	4
1735500	0
1736000	1
1736500	1
1737000	2
1737500	3
1738000	5
1738500	8
1739000	0
1739500	3
1740000	2
1740501	6
1741000	4
1741500	1
1742000	1
1742500	6
1743000	4
1743500	1
1744000	5
1744500	3
1745000	2
1745500	4
1746002	1
1746500	3
1747000	1
1747500	2
1748000	4
1748500	3
1749000	1
1749500	4
1750000	4
1750500	3
1751000	1
1751500	1
1752000	2
1752500	3
1753000	2
1753500	2
1754000	3
1754500	3
1755000	3
1755500	7
1756000	7
1756500	2
1757000	5
1757500	4
1758000	4
1758500	6
1759000	4
1759500	6
1760000	1
1760500	3
1761000	2
1761500	3
1762000	3
1762500	5
1763000	0
1763500	5
1764000	4
1764500	4
1765000	3
1765500	3
1766000	1
1766500	6
1767000	0
1767500	5
1768000	6
1768500	3
1769000	5
1769500	4
1770000	3
1770500	3
1771001	3
1771500	6
1772000	0
1772500	9
1773000	5
1773500	5
1774000	7
1774500	4
1775000	3
1775500	1
1776000	3
1776500	2
1777000	3
1777500	7
1778000	6
1778500	5
1779000	3
1779500	5
1780000	4
1780500	1
1781000	6
1781500	0
1782001	3
1782500	7
1783000	2
1783500	1
1784000	2
1784500	3
1785000	5
1785500	6
1786001	3
1786500	3
1787000	4
1787500	2
1788000	3
1788500	4
1789000	3
1789500	3
1790000	8
1790500	5
1791000	1
1791501	2
1792000	5
1792500	7
1793000	3
1793500	3
1794000	2
1794500	3
1795001	4
1795500	0
1796000	2
1796500	3
1797000	2
1797500	1
1798000	1
1798500	1
1799000	5
1799500	3
1800000	6
1800500	2
1801000	5
1801500	3
1802000	3
1802500	4
1803000	2
1803500	3
1804000	5
1804500	1
1805000	1
1805500	4
1806000	5
1806500	4
1807000	7
1807500	3
1808000	7
1808500	5
1809003	3
1809500	4
1810000	3
1810500	3
1811000	3
1811500	1
1812000	8
1812500	5
1813000	2
1813500	5
1814000	4
1814500	2
1815000	3
1815502	5
1816000	4
1816500	2
1817000	3
1817500	4
1818000	4
1818500	4
1819000	3
1819500	5
1820000	2
1820500	7
1821000	5
1821500	2
1822000	4
1822500	4
1823000	4
1823500	4
1824000	4
1824500	5
1825000	3
1825500	2
1826000	3
1826500	5
1827000	4
1827500	3
1828000	3
1828500	4
1829000	2
1829500	8
1830000	1
1830500	7
1831000	4
1831500	2
1832001	3
1832500	10
1833000	5
1833500	5
1834000	3
1834500	2
1835000	5
1835500	5
1836000	2
1836500	6
1837000	2
1837500	4
1838000	4
1838500	3
1839000	3
1839500	5
1840000	4
1840500	4
1841000	5
1841500	3
1842001	2
1842500	5
1843000	4
1843500	5
1844000	2
1844500	1
1845000	3
1845501	5
1846000	5
1846500	0
1847000	2
1847502	7
1848000	1
1848500	2
1849000	3
1849501	2
1850000	1
1850500	2
1851000	3
1851500	3
1852000	4
1852500	1
1853000	5
1853500	5
1854000	3
1854500	5
1855000	6
1855500	3
1856000	4
1856500	2
1857000	2
1857500	3
1858000	1
1858500	2
1859000	2
1859500	0
1860000	3
1860500	4
1861000	2
1861500	2
1862000	2
1862500	3
1863000	1
1863501	3
1864000	2
1864500	5
1865000	2
1865500	1
1866000	6
1866500	2
1867000	5
1867500	7
1868000	6
1868500	5
1869001	5
1869500	3
1870000	2
1870500	4
1871000	7
1871500	3
1872000	2
1872500	1
1873000	3
1873500	4
1874000	5
1874500	6
1875000	3
1875500	1
1876000	2
1876500	2
1877000	2
1877500	4
1878000	4
1878500	5
1879000	0
1879500	2
1880000	4
1880500	5
1881000	1
1881500	4
1882000	2
1882500	6
1883000	1
1883500	2
1884000	6
1884500	4
1885000	7
1885500	2
1886000	4
1886500	8
1887000	5
1887500	5
1888000	2
1888501	3
1889000	3
1889500	4
1890000	4
1890500	3
1891000	3
1891500	8
1892000	1
1892500	4
1893000	2
1893500	6
1894000	4
1894500	4
1895000	2
1895500	3
1896000	3
1896500	6
1897000	1
1897500	8
1898000	2
1898500	5
1899000	6
1899500	2
1900000	1
1900500	5
1901000	4
1901500	0
1902000	5
1902500	3
1903000	2
1903501	3
1904000	2
1904500	6
1905000	6
1905500	4
1906000	1
1906501	6
1907000	4
1907500	2
1908000	1
1908500	4
1909000	4
1909500	4
1910000	3
1910500	4
1911000	4
1911500	4
1912000	2
1912500	2
1913000	5
1913500	1
1914000	5
1914502	3
1915000	4
1915500	0
1916000	5
1916500	4
1917000	1
1917500	4
1918000	5
1918500	5
1919000	2
1919500	3
1920000	6
1920500	2
1921000	7
1921500	4
1922000	2
1922500	5
1923000	3
1923500	3
1924001	6
1924500	2
1925000	5
1925500	4
1926000	5
1926501	4
1927000	5
1927500	3
1928000	4
1928500	4
1929000	2
1929500	7
1930000	3
1930500	4
1931000	6
1931500	2
1932000	3
1932500	5
1933000	3
1933500	3
1934000	4
1934500	7
1935000	2
1935500	2
1936000	3
1936500	3
1937000	3
1937500	4
1938000	7
1938500	3
1939000	1
1939500	2
1940000	1
1940500	2
1941000	5
1941500	4
1942000	5
1942500	6
1943000	6
1943500	2
1944000	4
1944500	4
1945000	4
1945500	1
1946000	2
1946500	1
1947000	2
1947500	2
1948000	2
1948500	3
1949000	2
1949500	1
1950000	2
1950500	5
1951000	3
1951500	3
1952000	2
1952500	5
1953000	4
1953500	3
1954000	3
1954500	3
1955000	6
1955500	6
1956000	7
1956500	1
1957000	2
1957500	0
1958000	6
1958500	5
1959000	2
1959500	4
1960000	5
1960500	5
1961000	1
1961500	4
1962000	3
1962500	6
1963000	8
1963500	2
1964000	0
1964500	7
1965000	5
1965500	6
1966000	4
1966500	3
1967000	1
1967500	4
1968000	3
1968500	5
1969000	3
1969500	2
1970000	3
1970500	2
1971000	0
1971500	4
1972000	3
1972500	2
1973000	7
1973500	5
1974000	5
1974500	2
1975000	3
1975500	5
1976000	4
1976500	3
1977000	4
1977500	3
1978001	3
1978501	1
1979000	3
1979500	2
1980000	5
1980500	4
1981000	5
1981500	3
1982000	4
1982500	3
1983000	10
1983500	2
1984000	3
1984500	3
1985000	1
1985500	2
1986000	4
1986500	3
1987000	3
1987501	4
1988001	3
1988501	6
1989000	4
1989500	3
1990000	3
1990500	5
1991000	2
1991500	2
1992000	1
1992500	1
1993000	3
1993500	2
1994000	4
1994500	3
1995000	1
1995500	5
1996000	2
1996500	1
1997000	4
1997500	7
1998000	5
1998500	3
1999001	6
1999500	4
2000000	2
2000500	1
2001000	0
2001500	3
2002000	3
2002500	5
2003000	5
2003500	4
2004000	3
2004500	3
2005000	2
2005500	3
2006000	1
2006500	5
2007000	3
2007500	4
2008000	0
2008500	2
2009000	5
2009500	7
2010000	2
2010500	6
2011000	3
2011500	3
2012000	8
2012500	4
2013000	5
2013500	2
2014000	4
2014500	1
2015000	6
2015500	3
2016000	2
2016500	5
2017000	3
2017500	4
2018000	3
2018500	5
2019000	2
2019500	3
2020000	3
2020500	6
2021000	2
2021500	3
2022000	3
2022500	8
2023000	5
2023500	2
2024000	4
2024500	2
2025000	2
2025500	2
2026000	3
2026501	3
2027000	4
2027501	3
2028000	2
2028500	2
2029000	2
2029500	3
2030000	6
2030500	3
2031000	6
2031500	3
2032000	7
2032500	7
2033000	2
2033500	2
2034000	4
2034500	2
2035000	7
2035500	3
2036000	3
2036500	2
2037000	5
2037500	4
2038000	5
2038500	4
2039000	4
2039500	5
2040000	3
2040500	2
2041000	4
2041500	6
2042000	0
2042500	0
2043000	7
2043500	2
2044000	2
2044500	2
2045000	0
2045501	1
2046000	5
2046500	1
2047000	4
2047500	4
2048000	5
2048500	5
2049000	2
2049500	3
2050000	2
2050500	3
2051000	4
2051500	3
2052000	2
2052500	3
2053001	2
2053500	1
2054000	3
2054500	4
2055000	3
2055500	3
2056000	2
2056500	3
2057000	6
2057500	5
2058000	3
2058500	4
2059000	7
2059501	2
2060000	3
2060500	1
2061000	4
2061500	4
2062000	4
2062500	5
2063000	3
2063501	2
2064000	2
2064500	3
2065000	3
2065500	7
2066000	4
2066500	2
2067000	3
2067500	2
2068000	4
2068500	4
2069000	1
2069500	4
2070000	5
2070500	5
2071000	5
2071500	4
2072000	3
2072500	1
2073000	4
2073500	5
2074000	5
2074500	2
2075000	3
2075500	2
2076000	5
2076500	6
2077000	3
2077500	1
2078000	2
2078500	2
2079000	3
2079500	7
2080000	1
2080501	3
2081000	3
2081500	2
2082000	1
2082500	2
2083000	4
2083500	5
2084000	3
2084500	2
2085000	2
2085500	2
2086000	3
2086500	5
2087000	4
2087500	7
2088000	2
2088500	4
2089000	3
2089500	6
2090000	5
2090500	5
2091000	3
2091502	2
2092000	8
2092500	4
2093000	5
2093500	3
2094000	9
2094501	3
2095000	2
2095500	3
2096000	5
2096500	4
2097001	1
2097500	5
2098000	1
2098500	5
2099001	4
2099500	1
2100000	5
2100500	3
2101000	3
2101500	7
2102000	2
2102500	1
2103000	3
2103500	2
2104001	5
2104500	3
2105000	3
2105501	1
2106000	2
2106500	4
2107000	2
2107500	2
2108000	3
2108501	4
2109000	4
2109500	8
2110000	4
2110500	4
2111000	4
2111500	6
2112000	4
2112500	2
2113000	3
2113500	9
2114000	3
2114500	4
2115000	2
2115500	7
2116000	4
2116500	1
2117000	1
2117500	1
2118000	5
2118500	3
2119000	6
2119500	3
2120000	3
2120500	5
2121000	5
2121500	3
2122000	2
2122500	4
2123000	8
2123500	2
2124000	4
2124500	2
2125000	6
2125501	6
2126000	3
2126500	6
2127000	7
2127500	4
2128000	7
2128500	1
2129000	8
2129500	1
2130000	1
2130500	4
2131000	4
2131500	3
2132000	4
2132500	3
2133000	3
2133500	7
2134000	7
2134500	0
2135000	4
2135500	4
2136000	1
2136500	3
2137000	3
2137500	4
2138000	2
2138500	5
2139000	5
2139500	5
2140001	2
2140500	4
2141000	2
2141500	8
2142000	2
2142500	4
2143000	3
2143500	7
2144000	3
2144500	4
2145000	2
2145500	4
2146000	5
2146500	3
2147000	4
2147500	2
2148000	4
2148500	4
2149000	6
2149500	4
2150000	4
2150500	0
2151000	6
2151500	0
2152000	2
2152500	4
2153000	2
2153500	6
2154000	3
2154500	2
2155000	2
2155500	9
2156000	5
2156501	4
2157000	1
2157500	1
2158000	0
2158500	4
2159000	2
2159500	3
2160000	2
2160500	3
2161000	6
2161500	2
2162000	4
2162500	2
2163000	6
2163500	3
2164000	3
2164500	4
2165000	6
2165500	2
2166001	0
2166500	2
2167000	5
2167500	3
2168000	2
2168500	1
2169000	6
2169500	1
2170001	2
2170500	5
2171001	6
2171500	4
2172000	0
2172500	7
2173000	3
2173500	8
2174000	2
2174500	8
2175000	4
2175500	1
2176000	2
2176500	4
2177000	1
2177500	3
2178000	2
2178500	3
2179000	5
2179500	8
2180000	3
2180500	3
2181000	5
2181500	4
2182000	2
2182500	2
2183000	5
2183500	3
2184000	5
2184500	3
2185000	3
2185500	5
2186000	3
2186500	4
2187000	3
2187500	4
2188000	1
2188500	3
2189000	3
2189500	2
2190000	8
2190500	4
2191000	2
2191500	5
2192001	3
2192500	4
2193000	4
2193501	1
2194000	2
2194500	4
2195000	4
2195500	5
2196000	3
2196500	6
2197000	6
2197500	5
2198000	1
2198500	5
2199000	0
2199500	3
2200001	3
2200501	5
2201000	1
2201500	2
2202000	2
2202500	4
2203000	2
2203500	1
2204000	6
2204500	2
2205000	4
2205500	10
2206000	4
2206500	3
2207000	6
2207500	3
2208000	5
2208500	2
2209000	3
2209500	5
2210000	5
2210500	4
2211000	7
2211500	4
2212000	1
2212500	9
2213000	2
2213500	4
2214000	5
2214500	7
2215000	6
2215500	4
2216000	3
2216500	1
2217000	6
2217500	6
2218000	1
2218500	4
2219000	7
2219501	6
2220001	4
2220500	1
2221000	3
2221500	5
2222000	9
2222500	3
2223000	1
2223500	2
2224000	5
2224500	3
2225000	1
2225500	6
2226000	3
2226501	2
2227000	4
2227501	4
2228000	4
2228500	5
2229000	0
2229500	2
2230000	5
2230500	6
2231000	4
2231500	4
2232000	4
2232500	2
2233000	3
2233500	3
2234000	1
2234500	2
2235000	2
2235501	6
2236000	4
2236500	7
2237000	1
2237500	3
2238000	1
2238500	3
2239000	2
2239500	3
2240000	0
2240500	2
2241000	3
2241500	5
2242000	3
2242500	4
2243000	6
2243500	4
2244000	5
2244500	1
2245000	3
2245500	3
2246000	3
2246500	4
2247000	1
2247500	2
2248000	4
2248500	2
2249000	1
2249500	4
2250000	5
2250500	4
2251000	2
2251500	2
2252000	3
2252500	3
2253001	3
2253500	3
2254000	0
2254500	4
2255000	3
2255500	2
2256000	7
2256500	3
2257000	0
2257500	4
2258000	7
2258500	4
2259000	2
2259500	5
2260000	5
2260500	0
2261000	3
2261500	1
2262000	5
2262500	1
2263000	3
2263500	6
2264000	3
2264500	5
2265001	2
2265500	4
2266000	2
2266500	2
2267000	2
2267500	2
2268000	7
2268500	9
2269000	4
2269500	2
2270000	2
2270500	2
2271000	5
2271500	4
2272000	6
2272500	4
2273000	5
2273500	1
2274000	2
2274500	5
2275000	6
2275500	8
2276000	4
2276500	4
2277000	3
2277500	5
2278000	6
2278500	3
2279000	3
2279500	2
2280000	3
2280500	5
2281000	1
2281500	2
2282000	4
2282500	6
2283000	7
2283500	2
2284000	3
2284500	4
2285000	4
2285500	4
2286000	4
2286500	2
2287000	5
2287500	3
2288000	3
2288500	1
2289000	6
2289500	4
2290000	2
2290500	3
2291000	3
2291500	1
2292000	4
2292500	4
2293000	3
2293500	4
2294000	2
2294500	6
2295000	2
2295500	3
2296000	4
2296500	3
2297000	4
2297500	8
2298001	3
2298500	4
2299000	4
2299500	6
2300000	4
2300500	0
2301000	2
2301500	6
2302000	7
2302500	5
2303000	4
2303500	4
2304000	5
2304500	2
2305000	3
2305500	1
2306000	2
2306500	4
2307000	3
2307500	3
2308000	5
2308500	2
2309000	4
2309500	5
2310000	5
2310501	4
2311000	3
2311500	5
2312000	6
2312500	6
2313000	5
2313500	4
2314000	3
2314500	2
2315000	4
2315500	2
2316000	7
2316500	4
2317000	3
2317500	4
2318000	2
2318500	1
2319000	2
2319500	5
2320000	5
2320500	2
2321000	4
2321500	2
2322000	4
2322500	4
2323000	2
2323503	4
2324000	3
2324501	8
2325000	2
2325500	6
2326000	4
2326500	4
2327000	2
2327500	1
2328000	3
2328500	2
2329000	4
2329500	8
2330000	2
2330500	4
2331000	6
2331500	1
2332000	7
2332500	2
2333000	2
2333500	5
2334000	5
2334500	3
2335000	3
2335500	3
2336000	3
2336500	2
2337001	7
2337500	2
2338000	1
2338500	6
2339000	4
2339500	3
2340000	5
2340500	5
2341000	4
2341500	4
2342001	3
2342500	4
2343000	3
2343500	3
2344000	3
2344500	4
2345000	4
2345500	2
2346000	5
2346500	4
2347000	4
2347500	5
2348000	4
2348500	5
2349000	6
2349500	4
2350000	3
2350500	5
2351000	3
2351500	3
2352000	2
2352500	3
2353000	5
2353500	3
2354000	2
2354500	3
2355000	4
2355500	2
2356000	4
2356500	3
2357000	2
2357500	3
2358000	5
2358500	4
2359001	0
2359500	2
2360000	0
2360500	2
2361000	1
2361500	0
2362000	1
2362500	2
2363000	2
2363500	3
2364000	5
2364500	4
2365000	3
2365500	3
2366000	6
2366500	2
2367000	5
2367500	4
2368000	2
2368500	2
2369000	2
2369500	5
2370000	1
2370500	3
2371000	0
2371500	4
2372000	5
2372500	5
2373000	0
2373500	5
2374000	2
2374500	1
2375000	1
2375500	7
2376000	3
2376500	2
2377000	3
2377500	4
2378000	3
2378500	3
2379000	5
2379500	3
2380000	5
2380500	0
2381000	3
2381500	6
2382000	2
2382500	3
2383000	4
2383500	7
2384000	3
2384500	3
2385000	3
2385500	3
2386000	3
2386500	4
2387000	6
2387500	5
2388000	5
2388500	3
2389001	4
2389500	1
2390001	1
2390500	5
2391000	3
2391500	2
2392000	2
2392500	2
2393000	4
2393500	4
2394000	1
2394500	7
2395000	0
2395500	3
2396000	4
2396500	4
2397000	3
2397500	1
2398000	3
2398500	8
2399000	4
2399500	6
2400000	2
2400500	4
2401000	4
2401500	5
2402000	6
2402500	5
2403000	7
2403500	4
2404000	1
2404500	2
2405000	4
2405500	1
2406002	1
2406500	3
2407000	2
2407500	4
2408000	3
2408500	2
2409000	1
2409500	3
2410000	5
2410500	3
2411000	1
2411500	1
2412000	2
2412500	0
2413000	4
2413500	5
2414000	5
2414500	4
2415000	1
2415500	4
2416000	3
2416500	5
2417000	3
2417500	6
2418001	4
2418500	3
2419000	1
2419500	3
2420000	4
2420500	2
2421000	4
2421500	1
2422000	2
2422500	4
2423000	4
2423500	4
2424000	1
2424500	6
2425000	4
2425500	2
2426000	3
2426500	4
2427000	6
2427500	3
2428000	3
2428500	1
2429001	2
2429500	9
2430000	2
2430500	2
2431000	6
2431500	4
2432000	1
2432500	6
2433001	7
2433500	4
2434000	7
2434500	4
2435000	3
2435500	5
2436001	4
2436500	2
2437000	1
2437500	1
2438000	3
2438500	3
2439000	7
2439500	6
2440000	5
2440500	0
2441000	2
2441500	2
2442000	6
2442500	2
2443000	3
2443500	5
2444000	5
2444500	8
2445000	1
2445500	3
2446000	3
2446500	4
2447000	8
2447500	4
2448000	2
2448500	6
2449000	5
2449500	2
2450000	4
2450500	4
2451000	4
2451500	4
2452000	2
2452500	3
2453000	8
2453500	4
2454000	4
2454500	2
2455000	2
2455500	5
2456000	0
2456500	3
2457000	4
2457500	2
2458000	4
2458500	2
2459000	6
2459500	2
2460000	5
2460500	2
2461000	2
2461500	2
2462000	4
2462500	2
2463000	0
2463500	3
2464000	6
2464500	5
2465000	2
2465500	4
2466000	3
2466500	4
2467000	3
2467500	2
2468000	3
2468500	5
2469000	2
2469500	6
2470000	8
2470500	4
2471001	5
2471500	0
2472000	3
2472500	3
2473000	6
2473500	1
2474000	3
2474500	4
2475000	2
2475500	2
2476000	0
2476500	7
2477000	3
2477500	4
2478000	2
2478500	5
2479000	4
2479500	5
2480000	4
2480501	3
2481000	6
2481500	4
